0,1,2,3,4,5,6,7,8,9,10,11,12,13,14,15,16,17,18,19,20,21,22,23,24,25,26,27,28,29,30,31,32,33,34,35,36,37,38,39,40,41,42,43,44,45,46,47,48,49,50,51,52,53,54,55,56,57,58,59,60,61,62,63,64,65,66,67,68,69,70,71,72,73,74,75,76,77,78,79,80,81,82,83,84,85,86,87,88,89,90,91,92,93,94,95,96,97,98,99,100,101,102,103,104,105,106,107,108,109,110,111,112,113,114,115,116,117,118,119,120,121,122,123,124,125,126,127,128,129,130,131,132,133,134,135,136,137,138,139,140,141,142,143,144,145,146,147,148,149,150,151,152,153,154,155,156,157,158,159,160,161,162,163,164,165,166,167,168,169,170,171,172,173,174,175,176,177,178,179,180,181,182,183,184,185,186,187,188,189,190,191,192,193,194,195,196,197,198,199,200,201,202,203,204,205,206,207,208,209,210,211,212,213,214,215,216,217,218,219,220,221,222,223,224,225,226,227,228,229,230,231,232,233,234,235,236,237,238,239,240,241,242,243,244,245,246,247,248,249,250,251,252,253,254,255,256,257,258,259,260,261,262,263,264,265,266,267,268,269,270,271,272,273,274,275,276,277,278,279,280,281,282,283,284,285,286,287,288,289,290,291,292,293,294,295,296,297,298,299,300,301,302,303,304,305,306,307,308,309,310,311,312,313,314,315,316,317,318,319,320,321,322,323,324,325,326,327,328,329,330,331,332,333,334,335,336,337,338,339,340,341,342,343,344,345,346,347,348,349,350,351,352,353,354,355,356,357,358,359,360,361,362,363,364,365,366,367,368,369,370,371,372,373,374,375,376,377,378,379,380,381,382,383,384,385,386,387,388,389,390,391,392,393,394,395,396,397,398,399,400,401,402,403,404,405,406,407,408,409,410,411,412,413,414,415,416,417,418,419,420,421,422,423,424,425,426,427,428,429,430,431,432,433,434,435,436,437,438,439,440,441,442,443,444,445,446,447,448,449,450,451,452,453,454,455,456,457,458,459,460,461,462,463,464,465,466,467,468,469,470,471,472,473,474,475,476,477,478,479,480,481,482,483,484,485,486,487,488,489,490,491,492,493,494,495,496,497,498,499,500,501,502,503,504,505,506,507,508,509,510,511,512,513,514,515,516,517,518,519,520,521,522,523,524,525,526,527,528,529,530,531,532,533,534,535,536,537,538,539,540,541,542,543,544,545,546,547,548,549,550,551,552,553,554,555,556,557,558,559,560,561,562,563,564,565,566,567,568,569,570,571,572,573,574,575,576,577,578,579,580,581,582,583,584,585,586,587,588,589,590,591,592,593,594,595,596,597,598,599,600,601,602,603,604,605,606,607,608,609,610,611,612,613,614,615,616,617,618,619,620,621,622,623,624,625,626,627,628,629,630,631,632,633,634,635,636,637,638,639,640,641,642,643,644,645,646,647,648,649,650,651,652,653,654,655,656,657,658,659,660,661,662,663,664,665,666,667,668,669,670,671,672,673,674,675,676,677,678,679,680,681,682,683,684,685,686,687,688,689,690,691,692,693,694,695,696,697,698,699,700,701,702,703,704,705,706,707,708,709,710,711,712,713,714,715,716,717,718,719,720,721,722,723,724,725,726,727,728,729,730,731,732,733,734,735,736,737,738,739,740,741,742,743,744,745,746,747,748,749,750,751,752,753,754,755,756,757,758,759,760,761,762,763,764,765,766,767,768,769,770,771,772,773,774,775,776,777,778,779,780,781,782,783,784,785,786,787,788,789,790,791,792,793,794,795,796,797,798,799,800,801,802,803,804,805,806,807,808,809,810,811,812,813,814,815,816,817,818,819,820,821,822,823,824,825,826,827,828,829,830,831,832,833,834,835,836,837,838,839,840,841,842,843,844,845,846,847,848,849,850,851,852,853,854,855,856,857,858,859,860,861,862,863,864,865,866,867,868,869,870,871,872,873,874,875,876,877,878,879,880,881,882,883,884,885,886,887,888,889,890,891,892,893,894,895,896,897,898,899,900,901,902,903,904,905,906,907,908,909,910,911,912,913,914,915,916,917,918,919,920,921,922,923,924,925,926,927,928,929,930,931,932,933,934,935,936,937,938,939,940,941,942,943,944,945,946,947,948,949,950,951,952,953,954,955,956,957,958,959,960,961,962,963,964,965,966,967,968,969,970,971,972,973,974,975,976,977,978,979,980,981,982,983,984,985,986,987,988,989,990,991,992,993,994,995,996,997,998,999,1000,1001,1002,1003,1004,1005,1006,1007,1008,1009,1010,1011,1012,1013,1014,1015,1016,1017,1018,1019,1020,1021,1022,1023,1024,1025,1026,1027,1028,1029,1030,1031,1032,1033,1034,1035,1036,1037,1038,1039,1040,1041,1042,1043,1044,1045,1046,1047,1048,1049,1050,1051,1052,1053,1054,1055,1056,1057,1058,1059,1060,1061,1062,1063,1064,1065,1066,1067,1068,1069,1070,1071,1072,1073,1074,1075,1076,1077,1078,1079,1080,1081,1082,1083,1084,1085,1086,1087,1088,1089,1090,1091,1092,1093,1094,1095,1096,1097,1098,1099,1100,1101,1102,1103,1104,1105,1106,1107,1108,1109,1110,1111,1112,1113,1114,1115,1116,1117,1118,1119,1120,1121,1122,1123,1124,1125,1126,1127,1128,1129,1130,1131,1132,1133,1134,1135,1136,1137,1138,1139,1140,1141,1142,1143,1144,1145,1146,1147,1148,1149,1150,1151,1152,1153,1154,1155,1156,1157,1158,1159,1160,1161,1162,1163,1164,1165,1166,1167,1168,1169,1170,1171,1172,1173,1174,1175,1176,1177,1178,1179,1180,1181,1182,1183,1184,1185,1186,1187,1188,1189,1190,1191,1192,1193,1194,1195,1196,1197,1198,1199,1200,1201,1202,1203,1204,1205,1206,1207,1208,1209,1210,1211,1212,1213,1214,1215,1216,1217,1218,1219,1220,1221,1222,1223,1224,1225,1226,1227,1228,1229,1230,1231,1232,1233,1234,1235,1236,1237,1238,1239,1240,1241,1242,1243,1244,1245,1246,1247,1248,1249,1250,1251,1252,1253,1254,1255,1256,1257,1258,1259,1260,1261,1262,1263,1264,1265,1266,1267,1268,1269,1270,1271,1272,1273,1274,1275,1276,1277,1278,1279,1280,1281,1282,1283,1284,1285,1286,1287,1288,1289,1290,1291,1292,1293,1294,1295,1296,1297,1298,1299,1300,1301,1302,1303,1304,1305,1306,1307,1308,1309,1310,1311,1312,1313,1314,1315,1316,1317,1318,1319,1320,1321,1322,1323,1324,1325,1326,1327,1328,1329,1330,1331,1332,1333,1334,1335,1336,1337,1338,1339,1340,1341,1342,1343,1344,1345,1346,1347,1348,1349,1350,1351,1352,1353,1354,1355,1356,1357,1358,1359,1360,1361,1362,1363,1364,1365,1366,1367,1368,1369,1370,1371,1372,1373,1374,1375,1376,1377,1378,1379,1380,1381,1382,1383,1384,1385,1386,1387,1388,1389,1390,1391,1392,1393,1394,1395,1396,1397,1398,1399,1400,1401,1402,1403,1404,1405,1406,1407,1408,1409,1410,1411,1412,1413,1414,1415,1416,1417,1418,1419,1420,1421,1422,1423,1424,1425,1426,1427,1428,1429,1430,1431,1432,1433,1434,1435,1436,1437,1438,1439,1440,1441,1442,1443,1444,1445,1446,1447,1448,1449,1450,1451,1452,1453,1454,1455,1456,1457,1458,1459,1460,1461,1462,1463,1464,1465,1466,1467,1468,1469,1470,1471,1472,1473,1474,1475,1476,1477,1478,1479,1480,1481,1482,1483,1484,1485,1486,1487,1488,1489,1490,1491,1492,1493,1494,1495,1496,1497,1498,1499,1500,1501,1502,1503,1504,1505,1506,1507,1508,1509,1510,1511,1512,1513,1514,1515,1516,1517,1518,1519,1520,1521,1522,1523,1524,1525,1526,1527,1528,1529,1530,1531,1532,1533,1534,1535,1536,1537,1538,1539,1540,1541,1542,1543,1544,1545,1546,1547,1548,1549,1550,1551,1552,1553,1554,1555,1556,1557,1558,1559,1560,1561,1562,1563,1564,1565,1566,1567,1568,1569,1570,1571,1572,1573,1574,1575,1576,1577,1578,1579,1580,1581,1582,1583,1584,1585,1586,1587,1588,1589,1590,1591,1592,1593,1594,1595,1596,1597,1598,1599,1600,1601,1602,1603,1604,1605,1606,1607,1608,1609,1610,1611,1612,1613,1614,1615,1616,1617,1618,1619,1620,1621,1622,1623,1624,1625,1626,1627,1628,1629,1630,1631,1632,1633,1634,1635,1636,1637,1638,1639,1640,1641,1642,1643,1644,1645,1646,1647,1648,1649,1650,1651,1652,1653,1654,1655,1656,1657,1658,1659,1660,1661,1662,1663,1664,1665,1666,1667,1668,1669,1670,1671,1672,1673,1674,1675,1676,1677,1678,1679,1680,1681,1682,1683,1684,1685,1686,1687,1688,1689,1690,1691,1692,1693,1694,1695,1696,1697,1698,1699,1700,1701,1702,1703,1704,1705,1706,1707,1708,1709,1710,1711,1712,1713,1714,1715,1716,1717,1718,1719,1720,1721,1722,1723,1724,1725,1726,1727,1728,1729,1730,1731,1732,1733,1734,1735,1736,1737,1738,1739,1740,1741,1742,1743,1744,1745,1746,1747,1748,1749,1750,1751,1752,1753,1754,1755,1756,1757,1758,1759,1760,1761,1762,1763,1764,1765,1766,1767,1768,1769,1770,1771,1772,1773,1774,1775,1776,1777,1778,1779,1780,1781,1782,1783,1784,1785,1786,1787,1788,1789,1790,1791,1792,1793,1794,1795,1796,1797,1798,1799,1800,1801,1802,1803,1804,1805,1806,1807,1808,1809,1810,1811,1812,1813,1814,1815,1816,1817,1818,1819,1820,1821,1822,1823,1824,1825,1826,1827,1828,1829,1830,1831,1832,1833,1834,1835,1836,1837,1838,1839,1840,1841,1842,1843,1844,1845,1846,1847,1848,1849,1850,1851,1852,1853,1854,1855,1856,1857,1858,1859,1860,1861,1862,1863,1864,1865,1866,1867,1868,1869,1870,1871,1872,1873,1874,1875,1876,1877,1878,1879,1880,1881,1882,1883,1884,1885,1886,1887,1888,1889,1890,1891,1892,1893,1894,1895,1896,1897,1898,1899,1900,1901,1902,1903,1904,1905,1906,1907,1908,1909,1910,1911,1912,1913,1914,1915,1916,1917,1918,1919,1920,1921,1922,1923,1924,1925,1926,1927,1928,1929,1930,1931,1932,1933,1934,1935,1936,1937,1938,1939,1940,1941,1942,1943,1944,1945,1946,1947,1948,1949,1950,1951,1952,1953,1954,1955,1956,1957,1958,1959,1960,1961,1962,1963,1964,1965,1966,1967,1968,1969,1970,1971,1972,1973,1974,1975,1976,1977,1978,1979,1980,1981,1982,1983,1984,1985,1986,1987,1988,1989,1990,1991,1992,1993,1994,1995,1996,1997,1998,1999,2000,2001,2002,2003,2004,2005,2006,2007,2008,2009,2010,2011,2012,2013,2014,2015,2016,2017,2018,2019,2020,2021,2022,2023,2024,2025,2026,2027,2028,2029,2030,2031,2032,2033,2034,2035,2036,2037,2038,2039,2040,2041,2042,2043,2044,2045,2046,2047,2048,2049,2050,2051,2052,2053,2054,2055,2056,2057,2058,2059,2060,2061,2062,2063,2064,2065,2066,2067,2068,2069,2070,2071,2072,2073,2074,2075,2076,2077,2078,2079,2080,2081,2082,2083,2084,2085,2086,2087,2088,2089,2090,2091,2092,2093,2094,2095,2096,2097,2098,2099,2100,2101,2102,2103,2104,2105,2106,2107,2108,2109,2110,2111,2112,2113,2114,2115,2116,2117,2118,2119,2120,2121,2122,2123,2124,2125,2126,2127,2128,2129,2130,2131,2132,2133,2134,2135,2136,2137,2138,2139,2140,2141,2142,2143,2144,2145,2146,2147,2148,2149,2150,2151,2152,2153,2154,2155,2156,2157,2158,2159,2160,2161,2162,2163,2164,2165,2166,2167,2168,2169,2170,2171,2172,2173,2174,2175,2176,2177,2178,2179,2180,2181,2182,2183,2184,2185,2186,2187,2188,2189,2190,2191,2192,2193,2194,2195,2196,2197,2198,2199,2200,2201,2202,2203,2204,2205,2206,2207,2208,2209,2210,2211,2212,2213,2214,2215,2216,2217,2218,2219,2220,2221,2222,2223,2224,2225,2226,2227,2228,2229,2230,2231,2232,2233,2234,2235,2236,2237,2238,2239,2240,2241,2242,2243,2244,2245,2246,2247,2248,2249,2250,2251,2252,2253,2254,2255,2256,2257,2258,2259,2260,2261,2262,2263,2264,2265,2266,2267,2268,2269,2270,2271,2272,2273,2274,2275,2276,2277,2278,2279,2280,2281,2282,2283,2284,2285,2286,2287,2288,2289,2290,2291,2292,2293,2294,2295,2296,2297,2298,2299,2300,2301,2302,2303,2304,2305,2306,2307,2308,2309,2310,2311,2312,2313,2314,2315,2316,2317,2318,2319,2320,2321,2322,2323,2324,2325,2326,2327,2328,2329,2330,2331,2332,2333,2334,2335,2336,2337,2338,2339,2340,2341,2342,2343,2344,2345,2346,2347,2348,2349,2350,2351,2352,2353,2354,2355,2356,2357,2358,2359,2360,2361,2362,2363,2364,2365,2366,2367,2368,2369,2370,2371,2372,2373,2374,2375,2376,2377,2378,2379,2380,2381,2382,2383,2384,2385,2386,2387,2388,2389,2390,2391,2392,2393,2394,2395,2396,2397,2398,2399,2400,2401,2402,2403,2404,2405,2406,2407,2408,2409,2410,2411,2412,2413,2414,2415,2416,2417,2418,2419,2420,2421,2422,2423,2424,2425,2426,2427,2428,2429,2430,2431,2432,2433,2434,2435,2436,2437,2438,2439,2440,2441,2442,2443,2444,2445,2446,2447,2448,2449,2450,2451,2452,2453,2454,2455,2456,2457,2458,2459,2460,2461,2462,2463,2464,2465,2466,2467,2468,2469,2470,2471,2472,2473,2474,2475,2476,2477,2478,2479,2480,2481,2482,2483,2484,2485,2486,2487,2488,2489,2490,2491,2492,2493,2494,2495,2496,2497,2498,2499,2500,2501,2502,2503,2504,2505,2506,2507,2508,2509,2510,2511,2512,2513,2514,2515,2516,2517,2518,2519,2520,2521,2522,2523,2524,2525,2526,2527,2528,2529,2530,2531,2532,2533,2534,2535,2536,2537,2538,2539,2540,2541,2542,2543,2544,2545,2546,2547,2548,2549,2550,2551,2552,2553,2554,2555,2556,2557,2558,2559,2560,2561,2562,2563,2564,2565,2566,2567,2568,2569,2570,2571,2572,2573,2574,2575,2576,2577,2578,2579,2580,2581,2582,2583,2584,2585,2586,2587,2588,2589,2590,2591,2592,2593,2594,2595,2596,2597,2598,2599,2600,2601,2602,2603,2604,2605,2606,2607,2608,2609,2610,2611,2612,2613,2614,2615,2616,2617,2618,2619,2620,2621,2622,2623,2624,2625,2626,2627,2628,2629,2630,2631,2632,2633,2634,2635,2636,2637,2638,2639,2640,2641,2642,2643,2644,2645,2646,2647,2648,2649,2650,2651,2652,2653,2654,2655,2656,2657,2658,2659,2660,2661,2662,2663,2664,2665,2666,2667,2668,2669,2670,2671,2672,2673,2674,2675,2676,2677,2678,2679,2680,2681,2682,2683,2684,2685,2686,2687,2688,2689,2690,2691,2692,2693,2694,2695,2696,2697,2698,2699,2700,2701,2702,2703,2704,2705,2706,2707,2708,2709,2710,2711,2712,2713,2714,2715,2716,2717,2718,2719,2720,2721,2722,2723,2724,2725,2726,2727,2728,2729,2730,2731,2732,2733,2734,2735,2736,2737,2738,2739,2740,2741,2742,2743,2744,2745,2746,2747,2748,2749,2750,2751,2752,2753,2754,2755,2756,2757,2758,2759,2760,2761,2762,2763,2764,2765,2766,2767,2768,2769,2770,2771,2772,2773,2774,2775,2776,2777,2778,2779,2780,2781,2782,2783,2784,2785,2786,2787,2788,2789,2790,2791,2792,2793,2794,2795,2796,2797,2798,2799,2800,2801,2802,2803,2804,2805,2806,2807,2808,2809,2810,2811,2812,2813,2814,2815,2816,2817,2818,2819,2820,2821,2822,2823,2824,2825,2826,2827,2828,2829,2830,2831,2832,2833,2834,2835,2836,2837,2838,2839,2840,2841,2842,2843,2844,2845,2846,2847,2848,2849,2850,2851,2852,2853,2854,2855,2856,2857,2858,2859,2860,2861,2862,2863,2864,2865,2866,2867,2868,2869,2870,2871,2872,2873,2874,2875,2876,2877,2878,2879,2880,2881,2882,2883,2884,2885,2886,2887,2888,2889,2890,2891,2892,2893,2894,2895,2896,2897,2898,2899,2900,2901,2902,2903,2904,2905,2906,2907,2908,2909,2910,2911,2912,2913,2914,2915,2916,2917,2918,2919,2920,2921,2922,2923,2924,2925,2926,2927,2928,2929,2930,2931,2932,2933,2934,2935,2936,2937,2938,2939,2940,2941,2942,2943,2944,2945,2946,2947,2948,2949,2950,2951,2952,2953,2954,2955,2956,2957,2958,2959,2960,2961,2962,2963,2964,2965,2966,2967,2968,2969,2970,2971,2972,2973,2974,2975,2976,2977,2978,2979,2980,2981,2982,2983,2984,2985,2986,2987,2988,2989,2990,2991,2992,2993,2994,2995,2996,2997,2998,2999,3000,3001,3002,3003,3004,3005,3006,3007,3008,3009,3010,3011,3012,3013,3014,3015,3016,3017,3018,3019,3020,3021,3022,3023,3024,3025,3026,3027,3028,3029,3030,3031,3032,3033,3034,3035,3036,3037,3038,3039,3040,3041,3042,3043,3044,3045,3046,3047,3048,3049,3050,3051,3052,3053,3054,3055,3056,3057,3058,3059,3060,3061,3062,3063,3064,3065,3066,3067,3068,3069,3070,3071,3072,3073,3074,3075,3076,3077,3078,3079,3080,3081,3082,3083,3084,3085,3086,3087,3088,3089,3090,3091,3092,3093,3094,3095,3096,3097,3098,3099,3100,3101,3102,3103,3104,3105,3106,3107,3108,3109,3110,3111,3112,3113,3114,3115,3116,3117,3118,3119,3120,3121,3122,3123,3124,3125,3126,3127,3128,3129,3130,3131,3132,3133,3134,3135,3136,3137,3138,3139,3140,3141,3142,3143,3144,3145,3146,3147,3148,3149,3150,3151,3152,3153,3154,3155,3156,3157,3158,3159,3160,3161,3162,3163,3164,3165,3166,3167,3168,3169,3170,3171,3172,3173,3174,3175,3176,3177,3178,3179,3180,3181,3182,3183,3184,3185,3186,3187,3188,3189,3190,3191,3192,3193,3194,3195,3196,3197,3198,3199,3200,3201,3202,3203,3204,3205,3206,3207,3208,3209,3210,3211,3212,3213,3214,3215,3216,3217,3218,3219,3220,3221,3222,3223,3224,3225,3226,3227,3228,3229,3230,3231,3232,3233,3234,3235,3236,3237,3238,3239,3240,3241,3242,3243,3244,3245,3246,3247,3248,3249,3250,3251,3252,3253,3254,3255,3256,3257,3258,3259,3260,3261,3262,3263,3264,3265,3266,3267,3268,3269,3270,3271,3272,3273,3274,3275,3276,3277,3278,3279,3280,3281,3282,3283,3284,3285,3286,3287,3288,3289,3290,3291,3292,3293,3294,3295,3296,3297,3298,3299,3300,3301,3302,3303,3304,3305,3306,3307,3308,3309,3310,3311,3312,3313,3314,3315,3316,3317,3318,3319,3320,3321,3322,3323,3324,3325,3326,3327,3328,3329,3330,3331,3332,3333,3334,3335,3336,3337,3338,3339,3340,3341,3342,3343,3344,3345,3346,3347,3348,3349,3350,3351,3352,3353,3354,3355,3356,3357,3358,3359,3360,3361,3362,3363,3364,3365,3366,3367,3368,3369,3370,3371,3372,3373,3374,3375,3376,3377,3378,3379,3380,3381,3382,3383,3384,3385,3386,3387,3388,3389,3390,3391,3392,3393,3394,3395,3396,3397,3398,3399,3400,3401,3402,3403,3404,3405,3406,3407,3408,3409,3410,3411,3412,3413,3414,3415,3416,3417,3418,3419,3420,3421,3422,3423,3424,3425,3426,3427,3428,3429,3430,3431,3432,3433,3434,3435,3436,3437,3438,3439,3440,3441,3442,3443,3444,3445,3446,3447,3448,3449,3450,3451,3452,3453,3454,3455,3456,3457,3458,3459,3460,3461,3462,3463,3464,3465,3466,3467,3468,3469,3470,3471,3472,3473,3474,3475,3476,3477,3478,3479,3480,3481,3482,3483,3484,3485,3486,3487,3488,3489,3490,3491,3492,3493,3494,3495,3496,3497,3498,3499,3500,3501,3502,3503,3504,3505,3506,3507,3508,3509,3510,3511,3512,3513,3514,3515,3516,3517,3518,3519,3520,3521,3522,3523,3524,3525,3526,3527,3528,3529,3530,3531,3532,3533,3534,3535,3536,3537,3538,3539,3540,3541,3542,3543,3544,3545,3546,3547,3548,3549,3550,3551,3552,3553,3554,3555,3556,3557,3558,3559,3560,3561,3562,3563,3564,3565,3566,3567,3568,3569,3570,3571,3572,3573,3574,3575,3576,3577,3578,3579,3580,3581,3582,3583,3584,3585,3586,3587,3588,3589,3590,3591,3592,3593,3594,3595,3596,3597,3598,3599,3600,3601,3602,3603,3604,3605,3606,3607,3608,3609,3610,3611,3612,3613,3614,3615,3616,3617,3618,3619,3620,3621,3622,3623,3624,3625,3626,3627,3628,3629,3630,3631,3632,3633,3634,3635,3636,3637,3638,3639,3640,3641,3642,3643,3644,3645,3646,3647,3648,3649,3650,3651,3652,3653,3654,3655,3656,3657,3658,3659,3660,3661,3662,3663,3664,3665,3666,3667,3668,3669,3670,3671,3672,3673,3674,3675,3676,3677,3678,3679,3680,3681,3682,3683,3684,3685,3686,3687,3688,3689,3690,3691,3692,3693,3694,3695,3696,3697,3698,3699,3700,3701,3702,3703,3704,3705,3706,3707,3708,3709,3710,3711,3712,3713,3714,3715,3716,3717,3718,3719,3720,3721,3722,3723,3724,3725,3726,3727,3728,3729,3730,3731,3732,3733,3734,3735,3736,3737,3738,3739,3740,3741,3742,3743,3744,3745,3746,3747,3748,3749,3750,3751,3752,3753,3754,3755,3756,3757,3758,3759,3760,3761,3762,3763,3764,3765,3766,3767,3768,3769,3770,3771,3772,3773,3774,3775,3776,3777,3778,3779,3780,3781,3782,3783,3784,3785,3786,3787,3788,3789,3790,3791,3792,3793,3794,3795,3796,3797,3798,3799,3800,3801,3802,3803,3804,3805,3806,3807,3808,3809,3810,3811,3812,3813,3814,3815,3816,3817,3818,3819,3820,3821,3822,3823,3824,3825,3826,3827,3828,3829,3830,3831,3832,3833,3834,3835,3836,3837,3838,3839,3840,3841,3842,3843,3844,3845,3846,3847,3848,3849,3850,3851,3852,3853,3854,3855,3856,3857,3858,3859,3860,3861,3862,3863,3864,3865,3866,3867,3868,3869,3870,3871,3872,3873,3874,3875,3876,3877,3878,3879,3880,3881,3882,3883,3884,3885,3886,3887,3888,3889,3890,3891,3892,3893,3894,3895,3896,3897,3898,3899,3900,3901,3902,3903,3904,3905,3906,3907,3908,3909,3910,3911,3912,3913,3914,3915,3916,3917,3918,3919,3920,3921,3922,3923,3924,3925,3926,3927,3928,3929,3930,3931,3932,3933,3934,3935,3936,3937,3938,3939,3940,3941,3942,3943,3944,3945,3946,3947,3948,3949,3950,3951,3952,3953,3954,3955,3956,3957,3958,3959,3960,3961,3962,3963,3964,3965,3966,3967,3968,3969,3970,3971,3972,3973,3974,3975,3976,3977,3978,3979,3980,3981,3982,3983,3984,3985,3986,3987,3988,3989,3990,3991,3992,3993,3994,3995,3996,3997,3998,3999,4000,4001,4002,4003,4004,4005,4006,4007,4008,4009,4010,4011,4012,4013,4014,4015,4016,4017,4018,4019,4020,4021,4022,4023,4024,4025,4026,4027,4028,4029,4030,4031,4032,4033,4034,4035,4036,4037,4038,4039,4040,4041,4042,4043,4044,4045,4046,4047,4048,4049,4050,4051,4052,4053,4054,4055,4056,4057,4058,4059,4060,4061,4062,4063,4064,4065,4066,4067,4068,4069,4070,4071,4072,4073,4074,4075,4076,4077,4078,4079,4080,4081,4082,4083,4084,4085,4086,4087,4088,4089,4090,4091,4092,4093,4094,4095
0.0,1.206848,0.32885677,0.0,0.0,0.0,0.0,0.0,0.16245008,0.0,0.0,0.0,0.0,0.0,0.0,1.3556026,0.0,6.894062,1.0064789,1.1799601,1.3287712,0.14200687,0.0,0.41301543,0.67298365,0.0,0.7296289,0.9717359,0.0321846,0.0,1.1164912,0.0,0.0,0.63537323,1.7742951,2.0874069,0.89503026,0.0,1.3055829,1.2082021,0.0,1.6286069,0.0,0.0,0.0,0.0,0.0,0.0,1.2770987,0.0,0.0,1.2703296,0.0,0.37832087,0.0,0.0,0.0,0.0,2.4872055,0.32399482,0.0,0.0,0.0,0.0,2.0366306,0.0,0.8094722,0.0,0.0,0.0,0.0,2.5343254,0.0,0.0,0.0,0.0,0.0,0.81601155,0.0,0.0,0.0,0.0,0.0,0.0,0.0,0.0,0.0,0.0,0.57626086,0.0,0.0,0.0,0.0,0.0,1.9763789,0.0,0.0,0.0,0.0,0.0,0.0,0.01943633,0.0,0.02379328,0.0,0.0,0.0,0.0,1.6869736,0.0,0.0,0.0,1.5789126,0.7434062,0.0,1.3874316,0.0,1.7463022,0.0,0.0,2.5267532,0.0,0.0,0.0,0.7601841,1.5768629,0.0,0.0,2.7840812,0.0,0.0,0.5338649,0.0,0.0,0.0,0.54482275,2.5957625,0.0,0.6245269,2.6199815,0.0,0.0,1.4380918,2.6635513,0.0,0.0,0.0,0.0,0.0,0.5072721,0.0,0.0,0.0,0.0,0.0,0.65905166,0.0,0.0,0.0,0.0,0.4539498,1.6992352,0.0,0.0,2.1069999,0.0,0.0,0.0,0.19956288,0.0,0.0,0.0,0.0,0.0,2.1212046,0.0,0.0,0.0,1.0360619,0.0,0.0,2.055313,0.0,0.0,0.0,0.0,0.0,0.0,2.7729352,0.0,1.0868611,0.0,0.0,0.0,0.0,1.5308602,0.0,0.0,0.0,0.0,0.0,0.0,0.0,1.4749401,0.036898494,0.0,0.0,0.65018886,1.2715285,0.8833021,0.0,0.0,0.0,0.2581649,0.58690953,0.0,0.0,2.156008,0.0,0.49544632,0.0,0.0,0.0,0.2534251,0.0,0.5973411,0.0,0.21010563,1.0592461,0.0,0.0,0.0,1.6391407,0.0,1.7029854,0.0,0.0,0.0,0.0,0.0,0.040233105,0.20055097,0.0,1.0349151,0.0,0.0,2.6410236,3.140203,0.0,0.7189894,0.0,3.377124,1.7043974,0.0,0.45029548,0.0,2.2448878,0.0,0.0,0.0,0.5126929,0.80810547,1.060101,0.0,0.0,1.3365829,1.3191197,0.0,0.0,0.0,0.0,0.05554974,1.3437257,0.0,0.0,1.4002042,0.0,0.0,0.0,0.8980125,0.0,0.0,0.87390244,0.37128717,0.35461038,1.1431482,0.0,0.0,0.0,0.0,5.068428,0.41683325,0.0,0.0,0.0,0.0,0.0,0.0,0.0,0.0,0.0,0.0,0.23168132,0.0,0.25102764,2.2110748,0.0,0.0,1.0767051,0.0,0.0,0.0,0.0,0.0,0.0,0.23592243,0.0,0.0,0.0,0.0,0.0,1.1167426,0.0,0.0,0.0,0.0,0.0,1.0421602,0.0,2.5512538,1.4016334,0.0,0.0,0.0,0.62714267,0.0,0.0,0.4454171,0.0,4.281144,0.0,0.0,0.0,0.0,0.0,0.0,0.0,0.8231196,0.0,0.0,0.8997799,0.60339713,0.0,0.0,0.0,0.0,0.0,0.0,0.0,0.0,1.6558417,0.0,0.16511768,0.0,0.0,0.64296246,0.0,0.40196884,0.0,2.7752852,0.0,0.0,0.0,0.0,0.0,0.0,0.32952812,0.0,0.14241606,0.0,0.0,0.6276262,0.0,0.0,0.0,0.0,0.0,0.0,0.0,0.0,0.95911586,0.0,0.9171139,0.0,1.08256,0.0,0.0,0.84371793,0.0,0.0,0.0,0.08588719,0.0,0.0,0.24366039,0.0575431,0.44440287,0.0,1.1015565,5.376023,5.1616025,0.0,0.0,0.0,0.0,0.0,0.0,0.83058286,0.0,0.0,1.6756551,0.0,1.0294106,0.0,0.028681785,0.0,0.0,0.0,0.5131241,0.0,0.95662534,0.0,0.0,0.16559306,0.15695864,0.0,0.0,0.0,0.0,2.3948526,0.10004726,0.0,0.0,0.45802146,0.8117705,0.0,0.0,0.0,2.5963397,0.0,0.0,0.0,0.0,0.0,0.0,0.0,0.14790547,0.78172565,1.596906,0.17866266,0.0,0.0,0.0,0.0,0.0,0.0,0.69938767,0.0,0.0,0.0,0.0,0.0,0.0,0.0,0.0,0.0,0.0,0.0,0.18887368,0.0,0.0,0.0,2.8681264,2.1528828,0.0,1.5296059,0.8278639,0.0,0.0,1.1513578,0.96246123,0.78424907,0.0,0.0,0.0,1.8396231,1.618946,0.73946273,0.0,0.0,0.74486953,2.8696263,0.0,3.5801158,0.0,0.0,3.2091832,0.0,0.0,0.18466762,0.0,0.5374721,0.0,0.0,0.0,0.0,0.001778245,0.0,0.0,0.0,0.0,0.0,0.0,0.0,0.0,0.0,0.0,1.015615,0.74403745,0.0,0.0,0.0,1.4771992,0.0,0.0,0.0,3.0729332,0.0,0.0,0.0,0.95666367,0.0,0.0,0.0,0.0,0.0,0.0,0.0,0.0,0.0,0.0,1.4058056,0.0,0.0,0.0,0.19804218,2.8468866,1.2854211,0.0,0.0,0.0,0.0,1.0805907,1.9221884,2.8858206,0.0,0.0,0.0,0.0,0.0,0.0,0.0,0.0,0.8649824,0.4769945,0.0,0.091796234,0.13865888,0.0,0.0,0.0,0.9502269,0.0,0.0,0.0,0.0,0.0,1.454812,0.0,0.37284088,0.0,0.0,0.0,0.29468495,3.4527216,0.0,1.7508693,0.0,0.0,0.0,0.8306588,0.0,0.0,0.0,0.0,0.0,2.2816284,0.0,0.6170228,0.0,0.0,1.6543572,0.0,0.0,0.0,0.72608006,0.0,0.0,0.0,0.0,2.7842789,1.6069666,0.0,0.0,0.0,0.0,0.0,0.0,0.0,0.77482903,0.0,0.0,0.4416341,2.7136383,0.0,0.0,0.0,0.0,0.0,0.0,0.44075117,2.1088583,0.35045916,0.0,0.0,1.1155612,0.0,0.0,0.0,1.5351514,0.0,0.0,0.0,0.0,0.93751276,0.17499632,2.0281239,0.05621943,0.0,0.0,0.0,0.0,0.0,0.0,0.44059235,0.0,0.0,1.3792515,1.4270626,0.0,0.0,0.018771231,0.91822886,0.0,0.0,0.0,0.0,0.0,0.13960806,2.399506,0.27207887,0.0,1.109543,0.0,0.0,0.0,1.1696415,0.0,0.0,0.0,0.39289016,1.3035253,0.0,1.0280771,0.0,0.0,0.0,0.0,0.30365002,0.0,4.197831,0.0,0.0,0.0,0.0,0.09912142,0.0,0.0,0.0,2.3293588,0.0,0.0,0.0,0.43017608,0.14607316,1.736022,0.09117389,2.7455282,0.7730849,0.20299563,0.0,0.0,0.0,0.0,0.0,0.009788096,0.8004942,0.0,0.0,0.0,0.0,0.7762891,1.9965165,0.0,0.0,0.19186205,0.33002192,2.146066,2.5991745,0.78575814,0.45867032,0.0,0.0,2.2033987,0.0,0.0,0.85131586,0.29601824,0.0,0.0,0.3825514,0.5312608,1.3640902,0.0,0.056492984,1.0178034,0.0,0.0,0.61254936,0.0,0.0,0.0,0.0,0.0,0.0,0.0,0.15732181,1.1876649,0.23273522,0.7709521,1.6593683,0.0,1.0792625,0.70206916,0.0,0.13392574,0.0,0.0,0.9762004,0.0,0.0,0.29930472,0.0,0.0,0.071640044,0.0,0.9854106,0.0,0.0,0.89579403,0.0,0.0,0.0,0.0,0.08866435,0.0,0.0,0.0,0.0,1.7660465,1.8456635,0.0,0.0,0.0,0.0,0.0,1.056321,0.0,0.8292745,0.0,0.0,0.0,0.0,0.005704522,0.79344195,2.855722,0.0,0.20669648,0.96799064,0.0,1.8058066,0.0,0.0,0.0,0.0,0.0,0.63587475,0.16250902,0.0,0.30722496,0.0,0.0,0.9025049,0.0,0.0,0.0,0.0,0.0,1.5478868,0.0,0.0,0.0,0.0,0.0,0.55316067,1.7423999,0.0,2.7709768,0.0,0.0,0.0,0.64376074,2.6057386,0.0,1.7669275,0.20605242,2.3307834,2.4670708,0.0,0.22375944,0.0,0.0,1.127365,1.5073925,0.15810126,0.30417344,0.1756657,0.0,2.671757,0.0,1.5993761,0.18336311,0.0,0.0,1.0001439,0.9032587,1.5733707,1.3238976,0.0,0.0,0.0,2.8680882,0.0,0.0,1.2835206,1.5967152,0.0,0.58130217,0.0,0.0,1.2866027,0.0,0.20175801,0.39057872,0.0,0.0,0.0,0.0,0.0,0.0,0.0,0.0,0.201047,1.3489314,0.0,0.0,1.1353395,0.0,0.8940739,0.0,0.070657134,1.7106375,1.3448144,0.0,0.06838444,0.0,0.0,0.28539824,0.0,0.0,0.0,0.0,0.0,0.48703694,0.22271481,0.0,0.0,0.0,0.3151528,1.9301707,0.5220518,0.78385186,4.0859528,0.0,0.0,0.0,0.0,0.0,0.22194222,0.6221376,0.0,0.2968937,0.0,0.0,1.5319991,0.0,1.9838631,0.0,1.6329676,0.20451033,0.0,0.0,2.444396,0.0,0.0,0.0,0.0,1.8389027,0.0,0.0,0.2765795,2.2024357,0.0,0.85245156,0.6578277,0.0,0.0,1.3888059,0.18848306,0.0,0.0,0.0,0.0,0.0,0.22744176,1.5818019,0.793912,0.9048966,0.077443,0.0,0.0,0.040143132,1.1036601,0.0,0.0,0.0,0.0,4.057701,0.0,0.0,2.8324926,0.0,0.16967216,0.7033462,0.45859995,0.0,0.0,0.0,0.0,0.10410392,0.0,0.0,0.0,0.0,0.0,0.0,0.0,0.0,0.0,0.0,0.0,0.0,0.6693196,0.0,0.0,0.0,0.0,2.021304,0.0,0.0,0.0,0.0,0.0,0.0,0.6184355,0.0,0.0,0.0,0.0,0.0,0.0,3.4734066,0.097799,0.0,0.0,0.0,0.0,0.0,0.0,1.9514768,1.0332813,0.0,0.0,0.0,0.0,0.0,0.0,0.0,2.508376,0.48032695,0.0,1.4172745,0.0,0.0,0.0,0.0,1.2458354,0.0,0.0,0.0,0.0,0.0,2.8108664,1.5263536,0.54460776,0.0,0.0,0.0,1.0598052,0.63773346,0.0,0.0,1.2743355,1.3761628,0.0,0.0,0.0,2.3954163,0.0,0.0,0.762349,1.6731625,0.0,0.0,0.0,0.5716872,0.7569567,0.0,0.0,0.5525855,0.0,0.0,0.14167345,0.0,0.0,0.0,0.0,0.0,0.0,0.40844578,0.0065692067,0.0,0.0,0.0,0.0,0.0,2.369087,0.22937362,1.7584178,0.8515904,0.0,0.0,0.0,0.0,0.0,0.0,0.0,0.40833658,1.7898421,0.48777977,2.4073272,0.0,0.0,0.0,0.7772583,0.0,0.0,1.7000265,0.0,0.06436178,0.0,0.0,0.526801,0.0,0.0,0.0,0.0,0.0,1.442518,0.0,0.29297054,0.0,0.8220719,1.008236,0.0,2.3388696,0.8036454,2.0751863,0.0,0.049206376,1.0337944,0.2378908,0.0,1.1384901,0.0,0.0,0.0,0.0,0.8374294,2.137584,2.6583912,0.0,0.0,0.0,0.0,2.2100058,0.0,0.38062167,0.17679578,0.0,0.0,0.5555418,0.0,0.0,0.0,0.77635545,0.0,0.0,0.0,0.0,0.3095378,0.0,0.30110487,0.0,0.0,0.0,0.0,0.0,0.3800788,0.0,0.0,0.0,0.0,0.0,0.0,0.8150186,0.0,1.1672275,0.46804526,0.0,0.0,0.0,0.71361977,1.0513057,0.0,0.0,0.0,0.0,0.0,0.5482564,0.0,0.0,0.17700657,0.0,0.0,0.0,1.3557377,0.9073447,0.0,0.55866647,0.7096343,0.0,0.0,1.0424356,0.0,0.0,0.0,0.95788115,2.1536448,0.0,0.0,0.0,0.22887431,1.8396106,0.0,0.0,0.0,0.0,0.13136435,0.24325064,0.0,0.33319739,0.7728111,0.0,0.27581078,0.0,0.0,0.0,0.4505554,2.0356975,0.0,0.0,0.54493135,0.0,0.0,0.6832603,0.0,0.0,0.0,0.0,0.7393429,0.0,0.0,0.0,0.0,0.0115481615,0.0,0.3043502,0.0,0.0,0.0,0.36297488,0.0,0.020968616,0.0,2.9438343,0.0,0.13615036,1.4719391,2.5238814,4.334441,0.0,0.0,0.0,0.73677397,1.9838204,0.36901855,0.95977014,0.0,3.0698507,0.1007469,2.234964,0.0,0.0,1.6462201,0.5731827,0.0,0.0,1.2415493,0.0,0.0,1.6649432,0.0,0.0,0.0,0.60780746,0.0,0.0,1.4250672,0.0,1.8646011,2.469614,0.0,0.0,0.11273274,1.4910121,1.1168172,0.0,0.0,0.6463993,0.0,0.0,0.0,0.7364152,0.0,0.78732157,0.13578,1.2643181,0.60484976,0.7136409,0.7290791,0.0,0.9125238,0.07886192,1.3779886,0.53094625,0.10779351,0.0,0.3747868,0.0,0.0,0.0,0.0,0.0,0.0,0.0,0.0,0.0,0.78712916,2.4869363,1.0647025,1.4974554,1.1397756,0.0,0.0,2.2170124,1.8712561,1.0708607,0.0,0.0,1.3498323,0.8892822,0.0,1.2605138,0.0,0.0,3.999748,0.0,0.0,0.42288768,1.1014204,0.0,1.1472912,0.0,0.0,0.0593127,1.5982132,0.07209572,0.29788184,0.0,0.0,0.0,0.0,0.0,0.008099675,0.0,0.0,0.28499427,0.0,0.92644715,1.0897641,0.0,0.69479567,0.0,0.25951195,0.0,0.0,0.0,0.09673193,0.0,0.0,3.0559177,0.30721655,0.0,0.067182064,0.0,0.0,0.13272831,0.0,0.0,0.0,0.8952628,0.0,0.47321394,0.0,0.0,0.0,0.0,0.0,0.0,0.0,0.0,0.08855906,0.0,0.0,3.5943139,0.0,0.0,1.2956795,0.0,0.0,0.9348146,0.5421885,0.9645475,0.6645509,0.0,2.07673,0.0,0.0,1.5608541,0.0,0.16375652,0.0,1.069093,0.732528,0.0,0.0,1.2505033,1.517262,0.0,0.0,0.0,0.0,0.48229426,0.0,0.0,0.0,1.1309061,0.0075768232,0.0,0.0,0.0,0.0,0.0,0.0,0.8854318,0.0,0.0,0.0,0.13857983,0.0,0.83489513,0.71552724,0.0,0.6755464,0.0,0.19795594,0.45375752,0.5937084,0.818853,0.0,0.547905,0.0,0.8491825,0.0,0.0,2.2132645,0.0,1.1446171,0.83306754,0.0,0.0,0.0,0.0,0.18876529,0.0,1.5857718,0.0,1.4107863,0.0,1.1607211,0.0,1.5904157,0.8754335,0.0,0.0,0.0,0.7361492,0.0,0.0,1.0195692,1.2882483,0.0,0.0,0.0,0.0,0.76788723,0.0,0.0,0.033130467,0.0,0.6928748,0.0,4.31399,0.0,0.0,1.3372989,0.0,0.0,0.35643566,1.8973465,0.0,3.5584204,0.0,0.6111736,0.0,0.0,0.0,0.0,1.1151218,0.72346574,0.0,0.0,3.02584,1.4870154,1.6317432,3.6829357,0.82621104,0.0,0.6287993,0.794956,0.0,1.6138525,0.0,0.0,0.0,0.0,0.32778278,0.0,0.0,0.6999707,0.0,0.29900926,0.0,0.0,0.25348124,0.0,2.933797,0.0,1.2755673,1.3171644,0.0,1.0753082,0.0,0.0,1.2772266,1.7637272,0.7156246,0.0,0.0,1.6770129,0.11681861,0.0035889149,0.0,0.0,0.08007401,0.0,0.16962707,0.0,0.0,0.0,0.0,0.0,0.0,0.0,0.7045945,0.0,0.083265215,0.0,1.5363058,0.0,2.0206416,0.2635764,0.0,0.0,0.0,0.6316366,0.0,0.0,0.0,0.6957977,0.0,1.1716856,2.0069563,0.0,0.0,0.0,2.087789,0.03186971,0.0,0.0,0.0,0.58153224,0.98210275,0.0,0.42270425,0.0,0.13697833,0.0,0.0,0.0,0.0,0.90583074,0.0,0.76581323,0.0,0.53425336,0.18068275,0.0,0.0,0.0,0.36054707,0.1370033,2.2647693,0.0,0.0,1.6798747,1.1540618,0.0,0.0,0.0,0.0,1.3646319,0.0,0.6150082,0.0,1.4341761,1.1436396,0.0,0.0,3.023914,0.0,0.0,1.0340513,0.0,0.0,0.0,0.0,0.0,0.7432741,0.0,0.0,0.6144072,0.0,0.0,0.0,0.0,0.89299285,0.0,1.7513729,0.0,0.0,0.0,0.0,0.2966448,0.0,0.0,1.25103,1.645893,2.6631856,0.0,0.0,0.0,0.0,0.46378115,1.1381711,0.86219436,0.61143583,0.0,0.0,0.13348489,2.2252393,0.0,0.0,0.0,0.0,0.64902836,0.0,0.05832994,1.1057253,0.12126361,0.0,0.0,0.11512461,0.6450807,0.0,0.0,0.0,0.0,0.0,0.0,0.0,2.8428943,0.0,1.5701795,0.5600428,1.0612749,0.0,3.5325623,0.0,1.0333107,0.0,0.0,0.71072686,0.0,0.9634416,0.0,0.41624486,0.5975449,0.9593956,0.0,0.0,0.0,0.0,0.0,0.3679233,2.450332,0.0,0.0,0.0,0.884014,0.0,0.0,0.0,0.87209904,0.07509661,0.9630408,0.030719519,0.96491766,0.0,2.586578,0.0,0.43463334,0.0,0.0,0.18362984,0.0,0.0,0.021074772,0.0,0.45271242,0.0,0.0,0.0,0.48923495,0.51700807,0.0,0.0,2.6725924,1.7704902,0.6403215,0.6766452,0.0,1.7927432,0.9021825,0.0,2.3090343,0.0,0.0,0.0,0.0,1.9052204,0.0,0.0,0.5940503,0.0,0.0,0.0,2.6945014,0.56519467,0.0,0.0,0.8349968,0.0,0.0,0.0,0.19861597,0.0,0.0,1.856067,0.6238886,0.3099147,0.8737434,0.0,0.1327573,0.0,1.2943892,0.0,0.0,0.0,0.41648954,0.0,0.0,0.0,0.07289404,0.48880762,0.0,1.1650686,1.5832763,0.0,0.0,0.0,0.0,0.0,0.0,0.0,0.5765637,0.0,0.0,0.0,0.0,0.0,0.5050734,0.0,0.0,1.2769068,1.0405414,0.0,0.36086363,0.0,0.0,0.0,0.0,1.7436492,0.0,2.1521776,2.3873732,2.4811559,0.0,0.0,0.0,0.0,0.0,0.8253511,0.0,0.0,0.0,0.16869764,1.540975,0.0,0.0,0.5955827,0.0,0.0,0.55239105,0.0,1.120159,0.20000935,0.0,0.0,0.0,0.0,1.8617544,0.0,1.147738,2.001587,0.0,0.0,0.0,0.0,0.0,0.0,0.0,0.0,1.4646423,1.8367829,1.3322539,4.284053,0.0,0.0,0.0,0.0,0.0,0.0,0.006974101,1.9326825,0.0,0.5458956,0.0,0.0,0.19617683,0.0,0.0,1.4473598,0.033497274,0.0,1.55604,0.0,0.0,0.0,0.8853586,1.0794952,0.0,0.0,0.0,0.0,0.0,0.079187006,1.3145258,0.45446455,0.0,0.0,0.0,0.9042686,1.9930234,0.0,0.0,0.0,0.0,0.21274969,1.2611933,0.0,0.0,0.0,0.0,0.0,0.0,0.0,1.3445275,0.0,0.0,0.0,1.3337973,1.8819294,0.78274435,1.4218102,0.0,2.2018476,0.0,0.0,0.0,0.0,0.0,0.0,3.0223656,0.49795678,3.7105021,0.0,0.13818344,0.4319499,0.0,0.0,0.67667246,0.9091302,0.0,1.3187783,0.26370472,0.0,0.0,0.0,0.0,0.0,0.0,0.0,0.40047836,0.0,0.0,1.2471334,0.0,0.0,3.4361696,1.8904171,0.0,0.0,0.0,0.5791574,0.0,0.0,0.0,2.00154,0.0,2.1351488,0.0,0.0,1.3411288,0.0,1.1091285,0.0,0.0,0.0,0.0,0.32882506,0.0,1.2983413,0.0,0.0,0.0,0.0,0.38148555,0.0,0.0,0.49663448,0.33887523,0.1574992,0.0,0.03314334,1.0615792,0.0,3.413463,2.8339307,0.97509575,0.23017025,0.01682499,0.0,0.0,3.4362462,0.0,0.017595291,1.4126686,0.0,2.170914,0.0,0.0,0.448575,0.014412284,1.638872,0.0,0.45012414,0.4098764,0.39739695,0.8311553,0.0,1.1761075,0.0,0.0,1.3212814,2.3395538,1.0199335,0.0,0.0,0.8175535,1.2648605,0.0,0.6794524,0.0,0.21445614,0.0,0.53063196,0.37912378,1.0263261,0.0,0.0,0.0,0.0,0.0,0.0,0.43389237,0.0,0.0,0.0,0.0,0.0,0.0,2.611088,0.0,0.0,0.16691878,2.0548472,0.0,1.2912028,2.019908,0.54959595,0.0,0.0,0.0,1.7474089,0.0,1.8654972,0.7523488,1.1739271,0.0,3.3901765,0.0,0.0,0.0,0.0,0.0,0.0,0.0,0.0,2.717043,0.0,0.0,0.0,0.0598467,0.6259231,0.87137324,0.61187166,0.6750029,0.44187558,0.0,0.0,0.0,0.0,1.5041046,1.686571,0.0,0.5764313,0.0,0.018191352,0.2785871,0.0,0.17823336,0.32191738,0.3910288,0.0,0.0,0.07161811,0.0,0.0,0.14132667,0.0,0.0,0.0,0.0,0.0,0.0,0.010285199,1.931206,0.0,0.0,0.0,0.012182087,0.0,0.0,0.25683653,0.0,0.0,1.4587009,0.14842702,0.53711605,0.0,0.19698519,0.0,0.0,0.0,0.0,0.0,0.0,0.36282298,0.0,1.618047,0.40753153,1.5449355,0.0,0.0,0.0,2.3508923,0.0,0.01933837,0.0,1.4645768,0.0,2.914394,0.0,0.0,0.0,0.0,0.0,0.0,0.6805911,0.0,0.0,2.266458,0.0,0.0,3.1872075,0.1182282,3.7502546,0.0,1.4835387,0.0,0.0,0.08017087,0.91616225,0.625497,0.0,0.0,0.0,0.0,0.0,0.8044726,0.0,0.42286503,0.0,0.0,0.0,0.0,0.0,0.0,0.0,0.0,1.1956415,0.0,0.0,0.0,1.3784531,0.15815412,1.6442347,0.70008355,0.0,0.8352107,0.0,0.0,0.0,1.7915359,0.58163106,0.0,0.17384869,0.4924156,0.7445669,0.0,0.0,0.0,0.0,0.0,0.08072317,0.0,0.0,0.0,1.5684475,1.6630888,1.1666629,0.0,3.2142956,0.0,0.0,1.3204174,0.0,0.0,0.0,0.0,3.113022,0.0,0.0,0.515512,0.0,0.0,0.0,0.0,0.0,0.0,0.0,0.0,0.0,0.0,0.0,0.0,0.0,0.0,0.0,0.0,0.07508272,0.0,0.0,0.0,0.0,0.0,1.8008788,0.28470206,0.0,0.0,0.0,0.0,0.0,0.0,0.03158301,0.0,2.7572317,0.0,0.0,0.0,0.0,0.0,0.0,2.057834,0.0,0.0,0.0,0.0,0.0,0.0,0.0,2.655079,0.0,0.0,0.0,1.1503917,0.40622222,0.0,1.6117921,0.0,0.0,1.3889465,1.1228529,0.49598178,0.5730871,0.0,0.0,1.2658174,1.5810103,1.7075758,0.0,0.0,0.0,0.0,0.0,0.15700132,0.46462095,0.41421628,0.0,3.0614498,1.7995448,0.0,0.0,0.0,1.2356269,1.6890241,0.0,2.2978292,0.0,0.0,0.0,1.1961284,0.0,0.7447871,1.1613716,2.4108288,0.21616274,0.0,0.0,0.0,0.0,0.0,0.0,0.03212461,0.6796958,0.0,0.0,0.3767469,0.0,0.0,1.1203779,0.0,0.0,0.0,0.0,0.51942337,0.0,0.0,0.0,0.76586676,0.0,0.3710951,0.0,0.0,1.1086736,2.8445113,0.7756237,0.0,0.0,0.09616399,0.85513854,0.0,0.0,1.5217193,2.45544,1.9310526,0.0,0.431275,0.0,0.0,0.0,0.0,0.0,0.0,0.14682466,0.0,0.0,1.023207,0.0,0.0,0.66299033,0.6871423,0.0,0.0,0.0,0.5488148,0.0,0.80470335,0.0,0.56769544,0.0,2.043908,0.40256146,0.0,0.0,0.0,1.4759889,1.2555689,0.0,0.0,0.0,0.0,0.0,0.0,0.0,4.3186507,0.0,0.0,0.0,0.0,0.6890118,0.0,0.0,0.0,0.4345068,1.8010005,1.6389645,0.56894314,0.74373484,2.145856,0.0,0.49480957,0.7510756,0.0,0.0,0.55020165,2.452087,0.0,0.0,0.0,0.81178594,0.0,0.0,0.0,0.0,0.0,0.0,0.4442078,0.0,1.0250256,0.38561517,0.0,1.8860309,0.0,0.0,0.7890723,0.0,0.0,0.5114834,0.0,0.0,0.0,0.25332314,0.0,0.0,0.0,0.82935464,0.6532254,1.606585,0.0,0.0,2.1483874,0.0,0.0,0.20949411,0.0,2.2328916,0.0,0.0,0.0,0.6269424,0.4097771,3.2529597,0.0,0.0,0.0,0.0,0.0,0.0,1.5651581,0.0,0.0,0.0,0.0,0.0,0.19088447,0.0,0.17065132,0.0,0.0,0.0,0.0,0.95895267,0.0,2.406811,0.0,0.0,0.2141861,0.052169353,0.0,0.0,0.55757195,0.0,0.0,0.0,1.8940823,0.0,0.0,0.62645423,0.3800352,0.0,0.0,0.0,1.4015617,1.536081,0.0,0.0,0.0,0.0,0.0,0.0,0.0,1.0093752,0.0,0.0,0.0,0.0,0.0,1.0489624,0.0,0.0,1.0623107,0.0,1.3651873,0.87178993,1.2531083,0.0,0.5381867,0.0,3.7372572,0.0,0.0,0.0,0.0,0.0,0.0,0.0,1.0856375,0.0,1.0027082,1.6703899,0.1633308,0.0,1.2914478,0.0,1.0043108,0.0,0.0,0.0,0.058416605,3.025025,0.0,0.0,1.2430845,0.0,0.0,0.0,3.3842204,0.18983299,0.0,0.537961,0.44114166,0.0,0.0,0.0,3.2017324,0.521217,0.0,0.0,0.0,0.579905,0.0,0.25834203,0.6825328,0.0,0.0,0.0,0.0,0.53642833,0.0,0.0,0.75134057,0.0,0.0,1.3742712,0.0,1.8608441,0.0,0.0,0.0,0.0,0.0,0.0,0.0,0.0,0.24589202,0.0,1.953396,0.9761076,0.0,0.8045301,0.0,0.0,0.0,0.0,0.0,0.0,0.0,0.0,0.0,0.40294474,3.3843973,0.36884332,0.0,0.0,0.0,0.0,0.0,2.6780572,0.0,0.0,0.0,0.094609976,1.868573,1.4590956,0.0,0.0,0.0,0.0,0.0,0.032444358,0.0,1.6435193,0.0,0.0,0.98723066,0.0,0.0,0.0,0.9429106,0.20531496,1.1434758,0.0,0.03905478,1.2247319,0.12227498,0.0,3.301503,0.0,0.0,0.0,0.0,0.8288921,0.0,0.0,1.7532808,0.0,0.0,0.0,0.557804,0.0,1.2146534,0.0,0.0,2.0545743,0.0,0.34694093,0.0,0.0,0.0,0.60565424,0.0,0.0,0.616009,0.0,0.0,0.0,0.0,1.9473794,0.0,0.0,2.593055,0.74755025,1.5480386,0.0,0.0,0.0,0.13540924,0.0,0.0,0.49257496,0.0,0.0,0.0,2.850387,0.0,0.0,1.9123639,0.0,0.8709048,0.0,0.0,0.0,0.0,0.0,2.2207232,0.32094216,0.0,0.0,1.8274349,0.0,0.027004242,0.0,0.23574853,0.4614865,0.39613706,0.12348661,0.0,0.9117787,0.32770962,0.0,0.0,0.0,0.07456699,0.0,0.9285797,0.12795231,0.0,0.0,0.0,0.0,0.0,0.0,2.2630787,1.4957743,0.6274513,0.0,1.5460552,0.45307428,0.028412998,0.0,0.80119336,0.0,0.0,1.0558577,0.0,0.22328258,0.61407703,0.0,0.0,0.0,0.2177265,0.0,0.0,0.0,0.0,0.0,0.0,0.0,0.0,0.0,0.0,0.67780995,0.0,0.0,0.0,0.0,0.0,1.1453568,0.0,1.8069053,0.0,0.0,0.0,0.9031441,0.0,0.0,0.0,0.9765008,0.0,1.1093056,0.0,0.3405181,0.0,0.10338634,0.0,0.0,1.5877022,1.3870459,0.0,0.0,0.0,0.0,0.6551254,0.0,0.0,0.0,0.0,0.0,0.0,0.0,0.9875097,0.0,0.0,0.0,0.48558745,0.87102115,0.0,1.4016463,0.0,0.0,1.2458818,0.23479605,0.0,0.0,0.0,0.0,0.0,2.206977,0.73419905,0.0,0.0,0.0,2.0038493,0.6342666,1.1232119,0.0,0.0,0.0,0.0,0.0,3.3560464,0.0,0.0,0.0,0.0,0.0,0.0,0.0,1.3761481,0.0,0.06132847,1.2911141,0.058373004,0.0,0.0,0.0,2.8933876,0.0,0.0,1.4367609,0.7741972,0.0,0.0,0.0,0.20833498,0.17399362,0.0,0.0,2.2627895,0.01679784,0.578879,0.0,0.26218423,0.0,0.0,0.46059817,1.3452584,0.09155378,1.3887821,0.0,0.0,0.0,0.0,0.30142114,0.0,0.0,0.0,0.0,0.0,0.0,0.0,0.0,0.0,2.235901,0.0,0.6664146,0.0,0.0,0.0,0.09769061,0.0,0.0,0.86667573,0.0,0.0,0.7897078,0.6606647,0.0,0.0,1.8773409,2.075483,0.09875922,1.9407007,0.30717352,0.0,0.0,2.0159714,0.39713812,0.0,0.559026,0.0,0.0,0.0,0.0,1.6670899,0.83713555,0.0,0.0,0.0,0.13800064,0.0,0.0,0.0,1.1612511,0.0,0.0,0.0,0.0,0.0,2.0277262,0.79262936,0.0,0.0,0.0,0.0,0.0,0.0,0.7220457,0.0,0.0,0.0,0.7380334,2.0739362,0.0,0.076295316,0.39427,0.17179734,0.0,0.0,0.0,0.0,1.1058335,1.5853702,0.0,0.0,0.0,0.0,1.3403285,0.0,1.1500816,0.0,0.0,0.0,0.021329641,0.0,0.5556939,0.4218315,0.0,0.0,0.01638031,0.0,0.0,0.0,0.0,0.0,0.12108815,0.0,0.0,0.0,2.0181863,0.0,0.0,0.0,0.0,0.0,0.0,1.6000774,0.0,0.0,1.4373288,0.0,0.0,0.29004002,1.1369562,0.0,0.6973484,0.0,0.0,0.0,0.0,0.0,0.0,0.74165106,2.236934,1.662024,0.0,0.0,0.3069487,0.0,0.0,1.5552872,0.0,0.5808454,0.06194663,2.133361,0.0,0.0,0.0,0.39477792,0.0,0.0,0.692684,1.4682841,0.0,0.0,0.0,0.0061941743,0.0,0.0,0.0,0.0,0.0,0.0,0.0,1.071247,0.0,0.0,0.0,0.0,0.0,0.0,0.30655658,0.34569398,1.027362,0.0,0.0,2.5097513,0.58165085,0.52160835,0.0,0.0,0.6257259,0.0,0.0,0.0,1.4057379,0.0,1.6010814,3.2968879,1.528146,1.1770825,2.2374954,0.79734594,0.0,0.0,0.0,0.0,0.0,0.0,2.338148,0.0,0.0,0.3148214,0.7067255,2.1525292,0.17421556,0.0,0.65290976,0.0,0.0,0.0,0.0,0.0,0.0,3.6641133,1.4519382,0.0,0.0,0.0,0.0,1.6140968,3.5996966,0.0,0.0,0.45089728,0.0,0.0,0.0,0.5896041,0.0,0.0,0.6915234,0.0,0.5999384,0.44871545,0.0,0.0,0.0,0.85958457,0.8670584,0.0,0.0,0.059488773,0.9006734,0.81008476,0.99002683,0.0,0.0,0.0,0.0,2.0415454,0.0,0.0,0.0,0.0,0.5274335,0.1424895,0.0,0.75564164,0.42477995,2.261013,2.1532354,0.0,0.0,0.29106554,0.7603878,0.0,0.0,0.0,0.0,0.3896275,0.48742378,0.0,1.3399792,0.89288604,0.0,0.0,0.56894445,1.0108799,0.0,0.49903944,0.0,0.0,0.0,0.116956055,0.7096761,0.0,0.0,0.0,0.0,0.0,0.32065815,0.66948843,0.0,0.0,0.58248776,0.0,2.096417,2.142682,0.0,0.0,0.0,0.0,1.0525365,0.0,0.0,1.6733296,0.21841916,1.8651445,0.0,0.0,1.0307505,1.2602937,0.0,0.0,0.0,0.0,0.26085684,0.0,0.0,0.0,0.0,0.7172041,2.6337867,0.6864197,0.49000332,0.0,0.0,0.0,0.0,1.1773885,0.07609105,0.030451536,2.013454,0.8574175,0.47201943,0.0,0.7573873,1.5078648,0.0,0.0,0.12440452,0.0,0.0,0.58390117,0.8686424,0.0,0.63078254,1.3917168,0.0,1.7255988,0.0,0.88729596,0.0,0.0,0.0,0.0,0.0,2.816872,0.0,1.4039508,0.0,0.0,0.0,2.3089945,0.0,0.7045721,0.1390425,2.336332,0.0,0.0,0.0,0.0,0.0,0.0,3.7125258,2.8522894,1.092571,0.0,0.0,0.64690125,0.0,0.0,0.0,0.0,0.0,0.0,0.0,4.240373,0.0,1.0096543,1.8738129,0.0,0.0,0.0,0.0,0.0,0.0,0.0,0.0,0.13443851,0.0,0.0,0.07717466,0.0,0.0,0.0,0.0,0.0,0.0,0.0,2.2971485,0.0,1.6880718,2.459824,0.030491471,0.0,0.99589586,0.0,0.0,0.33123732,0.0,0.0,0.0,0.0,0.0,0.7397193,0.0,0.0,1.0000987,0.0,0.0,0.0,0.0,3.097646,0.0,0.49086747,0.0,0.0,0.0,0.0,0.61486,0.0,0.0,3.6938562,0.0,0.0,0.0,0.0,2.7669532,0.0898509,0.0,1.3531626,1.7213343,0.0,0.0,0.9170511,0.0,0.0,0.53053534,0.0,0.0,0.0,0.0,0.0,0.86620057,0.0,0.0,0.0,0.2703783,0.0,0.0,0.0,0.0,0.21461698,0.0,1.6721103,0.0,1.9174286,0.0,0.0,0.0,0.0,0.0,1.3873441,0.0,2.0782893,0.0,0.0,0.0,0.8975972,0.44536784,1.9810364,0.0,0.45283887,1.6041123,0.965804,0.0,0.0,1.4778215,0.0,0.0,0.0,1.6472418,0.0,0.24028772,0.0,0.0,0.49234694,0.0,1.2286813,0.0,0.0,0.4815833,0.0,0.0,0.0,0.0,0.0,0.9415723,1.3535804,0.7626713,1.6660568,0.0,0.0,0.0,0.0,0.0,0.0,0.0,0.3971479,2.8649273,0.0,0.9546902,0.44748005,0.011524498,0.0,0.2618975,2.5701876,1.4722393,0.0,0.0,0.68054515,0.11202887,0.0,0.997885,2.5921643,0.0,0.0,0.9180159,1.7152227,0.0,0.0,0.9169678,0.5488231,0.85096014,1.5079997,0.0,0.0,0.0,0.0,0.0,0.0,1.088589,0.0,0.0,2.299892,0.41122654,0.7027881,0.0,0.0,1.2331821,0.0,0.36119545,0.0,0.0,0.0,0.0,0.0,0.0,0.0,0.61702645,0.17950425,0.0,0.6810412,0.0,0.3273533,0.0,0.015825808,0.0,0.52924114,1.8020612,0.0,0.0,0.46060267,0.0,2.0871215,0.0,0.0,0.0,0.4515354,0.16522771,2.7663908,0.32546207,0.0,0.0,0.0,0.0,0.0,3.2838717,0.50709844,0.0,0.38705292,0.0,0.0,0.0,0.0,2.750336,0.0,2.215795,0.0,1.0309012,0.0,0.0,2.5654275,0.0,0.0,1.1591747,0.0,0.0,0.0,1.8870823,0.0,0.0,0.0,0.0,0.0,0.14593709,0.0,0.0,0.66519594,0.0,1.3745325,0.0,0.0,0.0,0.0,0.0,1.6658449,0.8179332,0.0,0.3227948,0.0,0.0,1.2404163,0.62296265,0.0,0.0,0.45565137,0.0,0.0,0.34931812,0.22265506,0.0,0.0,0.46572125,0.24547395,0.0,0.0,0.0,0.19040942,0.57126665,0.8654157,0.0,0.0,3.2131674,4.7242565,0.071932435,0.19580686,0.0,0.0,0.0,0.0,0.0,0.43026835,0.0,1.7376926,0.0,0.0,0.05151105,0.2504209,0.0,0.0033363104,0.0,0.0,0.0,0.0,0.0,0.0,0.0,0.0,0.0,0.82801807,1.8619483,0.0,0.0,0.0,1.1896639,2.8828838,2.0332587,0.0,0.0,2.4771996,0.0,0.0,0.0,0.0,1.2378395,0.0,0.0,0.0,1.3100886,0.0,1.4350765,0.0,0.0,1.4388616,0.0,0.0,0.0,0.0,0.0,3.1732595,0.2560944,0.0,0.071160406,0.1841101,0.0,0.18138894,0.0,3.0546396,0.0,0.0,0.0,0.0,0.48509726,2.825928,1.701018,0.0,0.0,0.0,0.0,1.9920851,1.4215894,0.0,0.0,0.0,0.0,0.0,0.0,0.31643233,0.0,0.0,0.0,0.007137716,0.0,0.0,0.0,0.0,0.70727676,0.86308956,0.0,0.97146,0.0,0.0,0.0,0.6804154,0.0,0.0,0.0,0.0,0.0,0.0,0.41599435,0.38517147,0.0,0.0,0.0,0.0,0.0,0.33061826,0.47716126,1.9540246,0.0,0.6340547,0.0,0.38459486,0.0,0.26391545,0.57434845,0.17080417,0.0,0.0,0.0,0.41062093,0.0,1.570974,0.0,0.0,0.0,2.8576589,0.6940379,0.0,0.0,0.0,1.5884752,2.24305,0.0,0.0,1.2344708,2.33929,0.0,0.0,0.0,0.0,0.0,0.0,0.0,0.0,0.0,0.5532404,0.23547816,1.6063695,1.429333,0.0,0.0,0.0,0.0,0.0,0.0,0.0,0.0,1.740652,0.0,0.0,0.0,0.0,0.0,1.9500289,0.36731285,0.10229784,0.0,0.0,0.0,0.0,0.0,0.5206651,1.8239412,1.466054,0.017602444,0.0,0.0,0.0,0.0,1.1814724,0.9697683,1.0361589,0.0,0.82769585,0.0,0.0,0.0,2.5765283,0.27510512,0.6241796,0.0,0.0,0.38316825,1.6567385,0.0,0.7756302,0.0,0.0,0.0,0.0,0.5032855,0.0,2.3635726,0.0,0.0,0.27058864,0.0,0.0,0.0,0.0,0.0,0.2198534,0.0,0.0,0.0,0.4221789,0.74219704,0.0,0.0,0.0,0.0,2.3302007,0.0,0.0,0.0,0.627053,0.3577357,1.4789996,0.0,1.7148542,1.0964793,0.0,2.7867486,0.0,0.0,0.0,0.0,0.0,0.0,0.0,0.0,0.0,0.20336273,0.0,0.91383564,0.0,2.10477,0.0,0.0,0.0,0.0,1.006716,0.5344559,0.22865462,0.0,0.6584281,1.3406434,0.0,0.0,0.0,0.8655078,0.0,0.0,2.8473828,0.0,0.0,0.0,0.0,0.0,0.0,0.0,0.0,1.2940514,0.5262846,0.0,1.7917366,0.0,0.0,1.9112124,0.78116065,0.0,0.0,0.0,1.1736379,0.0,0.0,2.6939523,2.4325838,0.044883102,0.0,0.0,1.634159,0.0,0.0,0.0,0.0,0.0,0.42589745,2.272172,0.23260826,1.841843,0.0,0.33495438,0.0,0.0,0.69996053,0.6835779,3.2702453,0.0,0.7847429,0.20690122,0.0,0.0,0.75491065,0.0,0.13652313,1.544204,0.0,0.0,0.0,0.094151914,0.0,0.0,0.0,0.0,0.0,0.0,1.5124211,0.0,0.0,0.0,2.0544271,0.0,0.0,0.0,0.0,0.0,0.5040552,0.0,0.0,0.0,0.0,0.0,0.16293012,0.0,0.0,0.0,0.0,0.0,0.0,2.076648,0.0,0.43330997,0.94833624,0.0,0.0,0.0,0.0,0.0,2.238563,0.0,0.5072479,1.5464433,0.35670388,0.0,1.7680043,0.0,1.4772505,0.0,0.0,0.76241076,0.0,0.0,0.0,0.0,0.35116878,0.0,0.0,0.0,0.0,0.30479944,0.0,1.7047613,1.0355937,0.0,0.0,0.0,0.0,0.0,3.0347204,0.0,0.0,1.8909429,0.0,0.053605556,0.0,0.0,0.0,0.29441142,2.240166,0.0,1.530293,0.0,0.0,0.0,2.5023286,0.0,2.5045977,0.0,0.0,0.0,0.0,0.24231847,0.0,0.0,0.0,0.0,1.2308633,0.19180103,0.0,1.7453177,0.0,0.0,0.0,2.0811496,0.0,0.0,0.0,0.0,0.0,0.34473,1.6460401,0.0,0.0,0.0,0.016891062,0.0,2.6807556,0.55014205,0.0,0.0,3.2759027,0.01943171,0.0,0.0,0.0,0.0,0.0,0.0,3.1282349,0.0,0.0,0.0,0.0,0.0,0.0,0.0,0.0,1.2286797,0.0,0.0,0.0,0.0,0.0,0.0,0.09057212,2.112035,0.50962234,0.17201167,0.0,0.18945134,0.0,3.4899411,0.8191794,0.0,0.0,0.0,0.0,0.0,0.0,0.0,0.0,2.1378598,0.16171148,0.0,0.0,0.0,0.0,0.0,0.0,0.0,0.0,0.0,0.32571894,1.6570305,1.7672107,0.0,0.0
