0,1,2,3,4,5,6,7,8,9,10,11,12,13,14,15,16,17,18,19,20,21,22,23,24,25,26,27,28,29,30,31,32,33,34,35,36,37,38,39,40,41,42,43,44,45,46,47,48,49,50,51,52,53,54,55,56,57,58,59,60,61,62,63,64,65,66,67,68,69,70,71,72,73,74,75,76,77,78,79,80,81,82,83,84,85,86,87,88,89,90,91,92,93,94,95,96,97,98,99,100,101,102,103,104,105,106,107,108,109,110,111,112,113,114,115,116,117,118,119,120,121,122,123,124,125,126,127,128,129,130,131,132,133,134,135,136,137,138,139,140,141,142,143,144,145,146,147,148,149,150,151,152,153,154,155,156,157,158,159,160,161,162,163,164,165,166,167,168,169,170,171,172,173,174,175,176,177,178,179,180,181,182,183,184,185,186,187,188,189,190,191,192,193,194,195,196,197,198,199,200,201,202,203,204,205,206,207,208,209,210,211,212,213,214,215,216,217,218,219,220,221,222,223,224,225,226,227,228,229,230,231,232,233,234,235,236,237,238,239,240,241,242,243,244,245,246,247,248,249,250,251,252,253,254,255,256,257,258,259,260,261,262,263,264,265,266,267,268,269,270,271,272,273,274,275,276,277,278,279,280,281,282,283,284,285,286,287,288,289,290,291,292,293,294,295,296,297,298,299,300,301,302,303,304,305,306,307,308,309,310,311,312,313,314,315,316,317,318,319,320,321,322,323,324,325,326,327,328,329,330,331,332,333,334,335,336,337,338,339,340,341,342,343,344,345,346,347,348,349,350,351,352,353,354,355,356,357,358,359,360,361,362,363,364,365,366,367,368,369,370,371,372,373,374,375,376,377,378,379,380,381,382,383,384,385,386,387,388,389,390,391,392,393,394,395,396,397,398,399,400,401,402,403,404,405,406,407,408,409,410,411,412,413,414,415,416,417,418,419,420,421,422,423,424,425,426,427,428,429,430,431,432,433,434,435,436,437,438,439,440,441,442,443,444,445,446,447,448,449,450,451,452,453,454,455,456,457,458,459,460,461,462,463,464,465,466,467,468,469,470,471,472,473,474,475,476,477,478,479,480,481,482,483,484,485,486,487,488,489,490,491,492,493,494,495,496,497,498,499,500,501,502,503,504,505,506,507,508,509,510,511,512,513,514,515,516,517,518,519,520,521,522,523,524,525,526,527,528,529,530,531,532,533,534,535,536,537,538,539,540,541,542,543,544,545,546,547,548,549,550,551,552,553,554,555,556,557,558,559,560,561,562,563,564,565,566,567,568,569,570,571,572,573,574,575,576,577,578,579,580,581,582,583,584,585,586,587,588,589,590,591,592,593,594,595,596,597,598,599,600,601,602,603,604,605,606,607,608,609,610,611,612,613,614,615,616,617,618,619,620,621,622,623,624,625,626,627,628,629,630,631,632,633,634,635,636,637,638,639,640,641,642,643,644,645,646,647,648,649,650,651,652,653,654,655,656,657,658,659,660,661,662,663,664,665,666,667,668,669,670,671,672,673,674,675,676,677,678,679,680,681,682,683,684,685,686,687,688,689,690,691,692,693,694,695,696,697,698,699,700,701,702,703,704,705,706,707,708,709,710,711,712,713,714,715,716,717,718,719,720,721,722,723,724,725,726,727,728,729,730,731,732,733,734,735,736,737,738,739,740,741,742,743,744,745,746,747,748,749,750,751,752,753,754,755,756,757,758,759,760,761,762,763,764,765,766,767,768,769,770,771,772,773,774,775,776,777,778,779,780,781,782,783,784,785,786,787,788,789,790,791,792,793,794,795,796,797,798,799,800,801,802,803,804,805,806,807,808,809,810,811,812,813,814,815,816,817,818,819,820,821,822,823,824,825,826,827,828,829,830,831,832,833,834,835,836,837,838,839,840,841,842,843,844,845,846,847,848,849,850,851,852,853,854,855,856,857,858,859,860,861,862,863,864,865,866,867,868,869,870,871,872,873,874,875,876,877,878,879,880,881,882,883,884,885,886,887,888,889,890,891,892,893,894,895,896,897,898,899,900,901,902,903,904,905,906,907,908,909,910,911,912,913,914,915,916,917,918,919,920,921,922,923,924,925,926,927,928,929,930,931,932,933,934,935,936,937,938,939,940,941,942,943,944,945,946,947,948,949,950,951,952,953,954,955,956,957,958,959,960,961,962,963,964,965,966,967,968,969,970,971,972,973,974,975,976,977,978,979,980,981,982,983,984,985,986,987,988,989,990,991,992,993,994,995,996,997,998,999,1000,1001,1002,1003,1004,1005,1006,1007,1008,1009,1010,1011,1012,1013,1014,1015,1016,1017,1018,1019,1020,1021,1022,1023,1024,1025,1026,1027,1028,1029,1030,1031,1032,1033,1034,1035,1036,1037,1038,1039,1040,1041,1042,1043,1044,1045,1046,1047,1048,1049,1050,1051,1052,1053,1054,1055,1056,1057,1058,1059,1060,1061,1062,1063,1064,1065,1066,1067,1068,1069,1070,1071,1072,1073,1074,1075,1076,1077,1078,1079,1080,1081,1082,1083,1084,1085,1086,1087,1088,1089,1090,1091,1092,1093,1094,1095,1096,1097,1098,1099,1100,1101,1102,1103,1104,1105,1106,1107,1108,1109,1110,1111,1112,1113,1114,1115,1116,1117,1118,1119,1120,1121,1122,1123,1124,1125,1126,1127,1128,1129,1130,1131,1132,1133,1134,1135,1136,1137,1138,1139,1140,1141,1142,1143,1144,1145,1146,1147,1148,1149,1150,1151,1152,1153,1154,1155,1156,1157,1158,1159,1160,1161,1162,1163,1164,1165,1166,1167,1168,1169,1170,1171,1172,1173,1174,1175,1176,1177,1178,1179,1180,1181,1182,1183,1184,1185,1186,1187,1188,1189,1190,1191,1192,1193,1194,1195,1196,1197,1198,1199,1200,1201,1202,1203,1204,1205,1206,1207,1208,1209,1210,1211,1212,1213,1214,1215,1216,1217,1218,1219,1220,1221,1222,1223,1224,1225,1226,1227,1228,1229,1230,1231,1232,1233,1234,1235,1236,1237,1238,1239,1240,1241,1242,1243,1244,1245,1246,1247,1248,1249,1250,1251,1252,1253,1254,1255,1256,1257,1258,1259,1260,1261,1262,1263,1264,1265,1266,1267,1268,1269,1270,1271,1272,1273,1274,1275,1276,1277,1278,1279,1280,1281,1282,1283,1284,1285,1286,1287,1288,1289,1290,1291,1292,1293,1294,1295,1296,1297,1298,1299,1300,1301,1302,1303,1304,1305,1306,1307,1308,1309,1310,1311,1312,1313,1314,1315,1316,1317,1318,1319,1320,1321,1322,1323,1324,1325,1326,1327,1328,1329,1330,1331,1332,1333,1334,1335,1336,1337,1338,1339,1340,1341,1342,1343,1344,1345,1346,1347,1348,1349,1350,1351,1352,1353,1354,1355,1356,1357,1358,1359,1360,1361,1362,1363,1364,1365,1366,1367,1368,1369,1370,1371,1372,1373,1374,1375,1376,1377,1378,1379,1380,1381,1382,1383,1384,1385,1386,1387,1388,1389,1390,1391,1392,1393,1394,1395,1396,1397,1398,1399,1400,1401,1402,1403,1404,1405,1406,1407,1408,1409,1410,1411,1412,1413,1414,1415,1416,1417,1418,1419,1420,1421,1422,1423,1424,1425,1426,1427,1428,1429,1430,1431,1432,1433,1434,1435,1436,1437,1438,1439,1440,1441,1442,1443,1444,1445,1446,1447,1448,1449,1450,1451,1452,1453,1454,1455,1456,1457,1458,1459,1460,1461,1462,1463,1464,1465,1466,1467,1468,1469,1470,1471,1472,1473,1474,1475,1476,1477,1478,1479,1480,1481,1482,1483,1484,1485,1486,1487,1488,1489,1490,1491,1492,1493,1494,1495,1496,1497,1498,1499,1500,1501,1502,1503,1504,1505,1506,1507,1508,1509,1510,1511,1512,1513,1514,1515,1516,1517,1518,1519,1520,1521,1522,1523,1524,1525,1526,1527,1528,1529,1530,1531,1532,1533,1534,1535,1536,1537,1538,1539,1540,1541,1542,1543,1544,1545,1546,1547,1548,1549,1550,1551,1552,1553,1554,1555,1556,1557,1558,1559,1560,1561,1562,1563,1564,1565,1566,1567,1568,1569,1570,1571,1572,1573,1574,1575,1576,1577,1578,1579,1580,1581,1582,1583,1584,1585,1586,1587,1588,1589,1590,1591,1592,1593,1594,1595,1596,1597,1598,1599,1600,1601,1602,1603,1604,1605,1606,1607,1608,1609,1610,1611,1612,1613,1614,1615,1616,1617,1618,1619,1620,1621,1622,1623,1624,1625,1626,1627,1628,1629,1630,1631,1632,1633,1634,1635,1636,1637,1638,1639,1640,1641,1642,1643,1644,1645,1646,1647,1648,1649,1650,1651,1652,1653,1654,1655,1656,1657,1658,1659,1660,1661,1662,1663,1664,1665,1666,1667,1668,1669,1670,1671,1672,1673,1674,1675,1676,1677,1678,1679,1680,1681,1682,1683,1684,1685,1686,1687,1688,1689,1690,1691,1692,1693,1694,1695,1696,1697,1698,1699,1700,1701,1702,1703,1704,1705,1706,1707,1708,1709,1710,1711,1712,1713,1714,1715,1716,1717,1718,1719,1720,1721,1722,1723,1724,1725,1726,1727,1728,1729,1730,1731,1732,1733,1734,1735,1736,1737,1738,1739,1740,1741,1742,1743,1744,1745,1746,1747,1748,1749,1750,1751,1752,1753,1754,1755,1756,1757,1758,1759,1760,1761,1762,1763,1764,1765,1766,1767,1768,1769,1770,1771,1772,1773,1774,1775,1776,1777,1778,1779,1780,1781,1782,1783,1784,1785,1786,1787,1788,1789,1790,1791,1792,1793,1794,1795,1796,1797,1798,1799,1800,1801,1802,1803,1804,1805,1806,1807,1808,1809,1810,1811,1812,1813,1814,1815,1816,1817,1818,1819,1820,1821,1822,1823,1824,1825,1826,1827,1828,1829,1830,1831,1832,1833,1834,1835,1836,1837,1838,1839,1840,1841,1842,1843,1844,1845,1846,1847,1848,1849,1850,1851,1852,1853,1854,1855,1856,1857,1858,1859,1860,1861,1862,1863,1864,1865,1866,1867,1868,1869,1870,1871,1872,1873,1874,1875,1876,1877,1878,1879,1880,1881,1882,1883,1884,1885,1886,1887,1888,1889,1890,1891,1892,1893,1894,1895,1896,1897,1898,1899,1900,1901,1902,1903,1904,1905,1906,1907,1908,1909,1910,1911,1912,1913,1914,1915,1916,1917,1918,1919,1920,1921,1922,1923,1924,1925,1926,1927,1928,1929,1930,1931,1932,1933,1934,1935,1936,1937,1938,1939,1940,1941,1942,1943,1944,1945,1946,1947,1948,1949,1950,1951,1952,1953,1954,1955,1956,1957,1958,1959,1960,1961,1962,1963,1964,1965,1966,1967,1968,1969,1970,1971,1972,1973,1974,1975,1976,1977,1978,1979,1980,1981,1982,1983,1984,1985,1986,1987,1988,1989,1990,1991,1992,1993,1994,1995,1996,1997,1998,1999,2000,2001,2002,2003,2004,2005,2006,2007,2008,2009,2010,2011,2012,2013,2014,2015,2016,2017,2018,2019,2020,2021,2022,2023,2024,2025,2026,2027,2028,2029,2030,2031,2032,2033,2034,2035,2036,2037,2038,2039,2040,2041,2042,2043,2044,2045,2046,2047,2048,2049,2050,2051,2052,2053,2054,2055,2056,2057,2058,2059,2060,2061,2062,2063,2064,2065,2066,2067,2068,2069,2070,2071,2072,2073,2074,2075,2076,2077,2078,2079,2080,2081,2082,2083,2084,2085,2086,2087,2088,2089,2090,2091,2092,2093,2094,2095,2096,2097,2098,2099,2100,2101,2102,2103,2104,2105,2106,2107,2108,2109,2110,2111,2112,2113,2114,2115,2116,2117,2118,2119,2120,2121,2122,2123,2124,2125,2126,2127,2128,2129,2130,2131,2132,2133,2134,2135,2136,2137,2138,2139,2140,2141,2142,2143,2144,2145,2146,2147,2148,2149,2150,2151,2152,2153,2154,2155,2156,2157,2158,2159,2160,2161,2162,2163,2164,2165,2166,2167,2168,2169,2170,2171,2172,2173,2174,2175,2176,2177,2178,2179,2180,2181,2182,2183,2184,2185,2186,2187,2188,2189,2190,2191,2192,2193,2194,2195,2196,2197,2198,2199,2200,2201,2202,2203,2204,2205,2206,2207,2208,2209,2210,2211,2212,2213,2214,2215,2216,2217,2218,2219,2220,2221,2222,2223,2224,2225,2226,2227,2228,2229,2230,2231,2232,2233,2234,2235,2236,2237,2238,2239,2240,2241,2242,2243,2244,2245,2246,2247,2248,2249,2250,2251,2252,2253,2254,2255,2256,2257,2258,2259,2260,2261,2262,2263,2264,2265,2266,2267,2268,2269,2270,2271,2272,2273,2274,2275,2276,2277,2278,2279,2280,2281,2282,2283,2284,2285,2286,2287,2288,2289,2290,2291,2292,2293,2294,2295,2296,2297,2298,2299,2300,2301,2302,2303,2304,2305,2306,2307,2308,2309,2310,2311,2312,2313,2314,2315,2316,2317,2318,2319,2320,2321,2322,2323,2324,2325,2326,2327,2328,2329,2330,2331,2332,2333,2334,2335,2336,2337,2338,2339,2340,2341,2342,2343,2344,2345,2346,2347,2348,2349,2350,2351,2352,2353,2354,2355,2356,2357,2358,2359,2360,2361,2362,2363,2364,2365,2366,2367,2368,2369,2370,2371,2372,2373,2374,2375,2376,2377,2378,2379,2380,2381,2382,2383,2384,2385,2386,2387,2388,2389,2390,2391,2392,2393,2394,2395,2396,2397,2398,2399,2400,2401,2402,2403,2404,2405,2406,2407,2408,2409,2410,2411,2412,2413,2414,2415,2416,2417,2418,2419,2420,2421,2422,2423,2424,2425,2426,2427,2428,2429,2430,2431,2432,2433,2434,2435,2436,2437,2438,2439,2440,2441,2442,2443,2444,2445,2446,2447,2448,2449,2450,2451,2452,2453,2454,2455,2456,2457,2458,2459,2460,2461,2462,2463,2464,2465,2466,2467,2468,2469,2470,2471,2472,2473,2474,2475,2476,2477,2478,2479,2480,2481,2482,2483,2484,2485,2486,2487,2488,2489,2490,2491,2492,2493,2494,2495,2496,2497,2498,2499,2500,2501,2502,2503,2504,2505,2506,2507,2508,2509,2510,2511,2512,2513,2514,2515,2516,2517,2518,2519,2520,2521,2522,2523,2524,2525,2526,2527,2528,2529,2530,2531,2532,2533,2534,2535,2536,2537,2538,2539,2540,2541,2542,2543,2544,2545,2546,2547,2548,2549,2550,2551,2552,2553,2554,2555,2556,2557,2558,2559,2560,2561,2562,2563,2564,2565,2566,2567,2568,2569,2570,2571,2572,2573,2574,2575,2576,2577,2578,2579,2580,2581,2582,2583,2584,2585,2586,2587,2588,2589,2590,2591,2592,2593,2594,2595,2596,2597,2598,2599,2600,2601,2602,2603,2604,2605,2606,2607,2608,2609,2610,2611,2612,2613,2614,2615,2616,2617,2618,2619,2620,2621,2622,2623,2624,2625,2626,2627,2628,2629,2630,2631,2632,2633,2634,2635,2636,2637,2638,2639,2640,2641,2642,2643,2644,2645,2646,2647,2648,2649,2650,2651,2652,2653,2654,2655,2656,2657,2658,2659,2660,2661,2662,2663,2664,2665,2666,2667,2668,2669,2670,2671,2672,2673,2674,2675,2676,2677,2678,2679,2680,2681,2682,2683,2684,2685,2686,2687,2688,2689,2690,2691,2692,2693,2694,2695,2696,2697,2698,2699,2700,2701,2702,2703,2704,2705,2706,2707,2708,2709,2710,2711,2712,2713,2714,2715,2716,2717,2718,2719,2720,2721,2722,2723,2724,2725,2726,2727,2728,2729,2730,2731,2732,2733,2734,2735,2736,2737,2738,2739,2740,2741,2742,2743,2744,2745,2746,2747,2748,2749,2750,2751,2752,2753,2754,2755,2756,2757,2758,2759,2760,2761,2762,2763,2764,2765,2766,2767,2768,2769,2770,2771,2772,2773,2774,2775,2776,2777,2778,2779,2780,2781,2782,2783,2784,2785,2786,2787,2788,2789,2790,2791,2792,2793,2794,2795,2796,2797,2798,2799,2800,2801,2802,2803,2804,2805,2806,2807,2808,2809,2810,2811,2812,2813,2814,2815,2816,2817,2818,2819,2820,2821,2822,2823,2824,2825,2826,2827,2828,2829,2830,2831,2832,2833,2834,2835,2836,2837,2838,2839,2840,2841,2842,2843,2844,2845,2846,2847,2848,2849,2850,2851,2852,2853,2854,2855,2856,2857,2858,2859,2860,2861,2862,2863,2864,2865,2866,2867,2868,2869,2870,2871,2872,2873,2874,2875,2876,2877,2878,2879,2880,2881,2882,2883,2884,2885,2886,2887,2888,2889,2890,2891,2892,2893,2894,2895,2896,2897,2898,2899,2900,2901,2902,2903,2904,2905,2906,2907,2908,2909,2910,2911,2912,2913,2914,2915,2916,2917,2918,2919,2920,2921,2922,2923,2924,2925,2926,2927,2928,2929,2930,2931,2932,2933,2934,2935,2936,2937,2938,2939,2940,2941,2942,2943,2944,2945,2946,2947,2948,2949,2950,2951,2952,2953,2954,2955,2956,2957,2958,2959,2960,2961,2962,2963,2964,2965,2966,2967,2968,2969,2970,2971,2972,2973,2974,2975,2976,2977,2978,2979,2980,2981,2982,2983,2984,2985,2986,2987,2988,2989,2990,2991,2992,2993,2994,2995,2996,2997,2998,2999,3000,3001,3002,3003,3004,3005,3006,3007,3008,3009,3010,3011,3012,3013,3014,3015,3016,3017,3018,3019,3020,3021,3022,3023,3024,3025,3026,3027,3028,3029,3030,3031,3032,3033,3034,3035,3036,3037,3038,3039,3040,3041,3042,3043,3044,3045,3046,3047,3048,3049,3050,3051,3052,3053,3054,3055,3056,3057,3058,3059,3060,3061,3062,3063,3064,3065,3066,3067,3068,3069,3070,3071,3072,3073,3074,3075,3076,3077,3078,3079,3080,3081,3082,3083,3084,3085,3086,3087,3088,3089,3090,3091,3092,3093,3094,3095,3096,3097,3098,3099,3100,3101,3102,3103,3104,3105,3106,3107,3108,3109,3110,3111,3112,3113,3114,3115,3116,3117,3118,3119,3120,3121,3122,3123,3124,3125,3126,3127,3128,3129,3130,3131,3132,3133,3134,3135,3136,3137,3138,3139,3140,3141,3142,3143,3144,3145,3146,3147,3148,3149,3150,3151,3152,3153,3154,3155,3156,3157,3158,3159,3160,3161,3162,3163,3164,3165,3166,3167,3168,3169,3170,3171,3172,3173,3174,3175,3176,3177,3178,3179,3180,3181,3182,3183,3184,3185,3186,3187,3188,3189,3190,3191,3192,3193,3194,3195,3196,3197,3198,3199,3200,3201,3202,3203,3204,3205,3206,3207,3208,3209,3210,3211,3212,3213,3214,3215,3216,3217,3218,3219,3220,3221,3222,3223,3224,3225,3226,3227,3228,3229,3230,3231,3232,3233,3234,3235,3236,3237,3238,3239,3240,3241,3242,3243,3244,3245,3246,3247,3248,3249,3250,3251,3252,3253,3254,3255,3256,3257,3258,3259,3260,3261,3262,3263,3264,3265,3266,3267,3268,3269,3270,3271,3272,3273,3274,3275,3276,3277,3278,3279,3280,3281,3282,3283,3284,3285,3286,3287,3288,3289,3290,3291,3292,3293,3294,3295,3296,3297,3298,3299,3300,3301,3302,3303,3304,3305,3306,3307,3308,3309,3310,3311,3312,3313,3314,3315,3316,3317,3318,3319,3320,3321,3322,3323,3324,3325,3326,3327,3328,3329,3330,3331,3332,3333,3334,3335,3336,3337,3338,3339,3340,3341,3342,3343,3344,3345,3346,3347,3348,3349,3350,3351,3352,3353,3354,3355,3356,3357,3358,3359,3360,3361,3362,3363,3364,3365,3366,3367,3368,3369,3370,3371,3372,3373,3374,3375,3376,3377,3378,3379,3380,3381,3382,3383,3384,3385,3386,3387,3388,3389,3390,3391,3392,3393,3394,3395,3396,3397,3398,3399,3400,3401,3402,3403,3404,3405,3406,3407,3408,3409,3410,3411,3412,3413,3414,3415,3416,3417,3418,3419,3420,3421,3422,3423,3424,3425,3426,3427,3428,3429,3430,3431,3432,3433,3434,3435,3436,3437,3438,3439,3440,3441,3442,3443,3444,3445,3446,3447,3448,3449,3450,3451,3452,3453,3454,3455,3456,3457,3458,3459,3460,3461,3462,3463,3464,3465,3466,3467,3468,3469,3470,3471,3472,3473,3474,3475,3476,3477,3478,3479,3480,3481,3482,3483,3484,3485,3486,3487,3488,3489,3490,3491,3492,3493,3494,3495,3496,3497,3498,3499,3500,3501,3502,3503,3504,3505,3506,3507,3508,3509,3510,3511,3512,3513,3514,3515,3516,3517,3518,3519,3520,3521,3522,3523,3524,3525,3526,3527,3528,3529,3530,3531,3532,3533,3534,3535,3536,3537,3538,3539,3540,3541,3542,3543,3544,3545,3546,3547,3548,3549,3550,3551,3552,3553,3554,3555,3556,3557,3558,3559,3560,3561,3562,3563,3564,3565,3566,3567,3568,3569,3570,3571,3572,3573,3574,3575,3576,3577,3578,3579,3580,3581,3582,3583,3584,3585,3586,3587,3588,3589,3590,3591,3592,3593,3594,3595,3596,3597,3598,3599,3600,3601,3602,3603,3604,3605,3606,3607,3608,3609,3610,3611,3612,3613,3614,3615,3616,3617,3618,3619,3620,3621,3622,3623,3624,3625,3626,3627,3628,3629,3630,3631,3632,3633,3634,3635,3636,3637,3638,3639,3640,3641,3642,3643,3644,3645,3646,3647,3648,3649,3650,3651,3652,3653,3654,3655,3656,3657,3658,3659,3660,3661,3662,3663,3664,3665,3666,3667,3668,3669,3670,3671,3672,3673,3674,3675,3676,3677,3678,3679,3680,3681,3682,3683,3684,3685,3686,3687,3688,3689,3690,3691,3692,3693,3694,3695,3696,3697,3698,3699,3700,3701,3702,3703,3704,3705,3706,3707,3708,3709,3710,3711,3712,3713,3714,3715,3716,3717,3718,3719,3720,3721,3722,3723,3724,3725,3726,3727,3728,3729,3730,3731,3732,3733,3734,3735,3736,3737,3738,3739,3740,3741,3742,3743,3744,3745,3746,3747,3748,3749,3750,3751,3752,3753,3754,3755,3756,3757,3758,3759,3760,3761,3762,3763,3764,3765,3766,3767,3768,3769,3770,3771,3772,3773,3774,3775,3776,3777,3778,3779,3780,3781,3782,3783,3784,3785,3786,3787,3788,3789,3790,3791,3792,3793,3794,3795,3796,3797,3798,3799,3800,3801,3802,3803,3804,3805,3806,3807,3808,3809,3810,3811,3812,3813,3814,3815,3816,3817,3818,3819,3820,3821,3822,3823,3824,3825,3826,3827,3828,3829,3830,3831,3832,3833,3834,3835,3836,3837,3838,3839,3840,3841,3842,3843,3844,3845,3846,3847,3848,3849,3850,3851,3852,3853,3854,3855,3856,3857,3858,3859,3860,3861,3862,3863,3864,3865,3866,3867,3868,3869,3870,3871,3872,3873,3874,3875,3876,3877,3878,3879,3880,3881,3882,3883,3884,3885,3886,3887,3888,3889,3890,3891,3892,3893,3894,3895,3896,3897,3898,3899,3900,3901,3902,3903,3904,3905,3906,3907,3908,3909,3910,3911,3912,3913,3914,3915,3916,3917,3918,3919,3920,3921,3922,3923,3924,3925,3926,3927,3928,3929,3930,3931,3932,3933,3934,3935,3936,3937,3938,3939,3940,3941,3942,3943,3944,3945,3946,3947,3948,3949,3950,3951,3952,3953,3954,3955,3956,3957,3958,3959,3960,3961,3962,3963,3964,3965,3966,3967,3968,3969,3970,3971,3972,3973,3974,3975,3976,3977,3978,3979,3980,3981,3982,3983,3984,3985,3986,3987,3988,3989,3990,3991,3992,3993,3994,3995,3996,3997,3998,3999,4000,4001,4002,4003,4004,4005,4006,4007,4008,4009,4010,4011,4012,4013,4014,4015,4016,4017,4018,4019,4020,4021,4022,4023,4024,4025,4026,4027,4028,4029,4030,4031,4032,4033,4034,4035,4036,4037,4038,4039,4040,4041,4042,4043,4044,4045,4046,4047,4048,4049,4050,4051,4052,4053,4054,4055,4056,4057,4058,4059,4060,4061,4062,4063,4064,4065,4066,4067,4068,4069,4070,4071,4072,4073,4074,4075,4076,4077,4078,4079,4080,4081,4082,4083,4084,4085,4086,4087,4088,4089,4090,4091,4092,4093,4094,4095
0.0,1.1120522,0.0,0.0,0.0,0.23124263,0.0,0.0,0.8380252,0.0,0.0,1.5948406,1.0630431,0.3992185,0.21501234,1.5481937,0.0,7.1171665,0.7806715,1.0568682,2.3499289,0.0,0.0,0.0,0.19279215,0.11174816,0.0,0.024252951,0.826911,0.0,0.0,0.0,0.0,0.65505564,2.7998729,2.4985273,2.9100783,0.0,0.5101217,0.52790153,0.0,1.5806222,0.0,0.0,0.0,0.0,0.0,0.0,1.2170433,0.0,0.15852493,0.0,0.0,0.0,0.0,0.0,0.0,0.022147357,3.7654603,0.0,0.0,0.0,0.0,0.0,1.8971715,0.0,0.0,0.2988428,0.0,0.0,0.0,2.3460667,0.0,0.0,0.0,0.0,0.0,0.0,0.0,0.0,0.0,0.0,0.43588012,0.0,0.0,0.0,0.7491342,0.0,0.0,0.0,0.0,0.0,0.0,0.0,0.14591101,0.0,0.45605892,0.0,0.0,0.0,0.0,0.2899347,0.26440454,0.6054596,0.0,2.3827639,0.0,0.0,2.3951452,0.33656335,0.0,0.0,0.0,1.2292438,0.0,0.0,0.66121984,2.3347383,0.0,1.6309334,1.4367113,0.0,0.9407226,0.32209647,1.4442697,0.32752118,0.0,0.0,0.7990031,0.0,0.0,0.40387255,0.4127666,0.0,0.0,0.8967024,2.5661047,0.0,0.0064206123,0.33049142,0.0,0.7302661,0.0,1.4841737,0.0,0.0,0.0,0.0,0.0,0.80688274,0.11970875,1.3762484,0.0,0.0908238,0.0,0.007101059,0.0,0.0,0.0,0.0,0.19939929,0.9296047,0.0,0.0,0.0,0.0,0.0,0.0,2.295065,0.0,0.0,0.0,0.0,0.0,2.78571,0.0,0.0,0.0,0.08559421,0.14712322,0.0,0.8550757,0.13652754,0.0,1.5133295,0.0,0.0,0.0,0.7348282,0.0,1.5832846,0.0,0.33971456,0.0,0.0,2.963237,0.0,0.0,1.6423745,0.09084162,0.7627444,0.0,0.0,1.4766136,0.0,0.0,0.0,2.1374292,0.0,2.5563526,0.0,0.0,2.2492816,0.0,1.1834655,0.0,0.0,0.0,1.6649616,1.5309966,0.0,0.0,0.0,1.0979904,0.0,1.4110371,0.0,0.0,1.8527927,0.0,0.0,0.0,1.0622482,0.0,3.166737,0.0040697753,0.0,0.0,0.0,1.2611922,0.0,0.0,0.0,0.68918747,0.7443986,0.0,0.54733,0.9701188,0.0,0.0,0.0,3.5131562,2.6609726,0.5009703,2.027795,0.0,0.0,0.0,0.4742803,0.0,0.0,0.44537467,0.60061204,0.0,0.0,0.0,0.89356816,0.0,0.0,0.0,0.019856572,0.7584628,1.0733409,0.50678277,0.0,0.078585446,0.0,0.0,0.0,0.0,0.0,0.0,1.611773,1.4121926,0.0,0.4159109,0.0,1.0128546,0.0,0.0,4.320391,0.30549628,0.0,0.0,0.0,0.0,0.57758844,0.0,0.0,1.1860114,0.0037367344,0.31863955,2.2009997,0.0,0.7027035,0.37477815,0.0,1.7169317,0.0,0.0,0.2243267,0.0,0.0,0.0,0.0,0.76305234,0.0,0.31719103,0.0,0.0,3.6624863,0.35432386,0.0,0.0,0.0,0.0,0.0,0.65124965,0.0,2.2008255,0.16546273,0.0,0.0,0.0,0.0,0.0,2.561592,1.644423,0.0,3.5686333,0.0,0.0,0.0,0.0,0.0,0.0,0.0,1.4889315,0.0,0.0,3.6376312,0.009555161,1.0394778,0.0,0.0,0.0,0.0,0.0,0.0,0.0,0.0,0.0,0.0,0.0,0.0,2.7745776,0.0,0.23940432,0.0,3.0056765,0.19611558,0.0,0.69349176,0.0,0.0,0.0,0.66249824,0.0,0.4196808,0.0,0.0,0.0,0.88621116,0.0,0.0,0.0,1.250658,0.0,1.1451454,0.0,1.8308799,0.0,0.0,0.0,0.0,0.0,0.0,0.0,0.0,0.0,0.0137503445,0.21863005,0.90139526,0.0,0.8350744,0.0,0.6325376,0.0,3.2741575,2.6991043,3.8853433,0.0,0.84490573,0.0,0.0,0.0,0.26600814,1.5885003,0.2714802,0.0,1.461561,0.0,0.05863166,0.0,0.0,0.0,0.0,0.0,1.1614256,0.0,0.0,0.0,0.0,0.6846026,0.7880601,0.0,0.0,0.0,0.0,4.36543,1.1698598,0.0,0.0,0.0,1.0719815,0.0,0.0,0.0,2.5112274,0.37740475,0.44336691,0.0,0.46765548,0.0,0.0,1.7052677,0.0,0.0,4.5691986,0.32523566,0.0,0.118911564,0.0,0.0,0.1464099,0.0,0.0,0.0,0.0,0.0,0.0,0.0,0.0,0.0,0.0,0.0,0.0,0.0,1.6413015,0.0,0.0,0.0,3.0416546,0.0,0.4880284,0.0,1.0138435,0.0,0.0,3.0665777,0.0,0.7507451,0.41033322,0.0,0.0,3.891877,0.0,1.3152654,0.0,0.0,0.0,2.1141322,0.0,1.373263,0.0,0.0,3.9178076,0.0,0.0,0.64594114,0.0,0.0,0.0,0.0,0.0,1.2171787,0.0,0.0,0.0,0.0,0.0,0.0,0.0,0.0,0.0,0.0,0.14603901,0.47410914,1.5868938,0.47811818,0.0,0.0,0.0,0.0,0.0,0.0,3.6680603,0.0,0.0,0.0,0.16860768,0.0,0.0,0.0,0.0,0.0,0.0,0.0,0.0,0.0,0.0,0.0,0.0,0.0,0.0,0.0,2.915242,1.756821,0.0,0.0,0.0,1.8537836,0.0,1.537712,3.7168608,0.0,0.0,0.0,0.0,0.0,0.0,0.0,0.6625445,1.2242417,0.0,0.18987334,0.0,0.0,0.7595606,0.0,0.0,0.17963459,0.0,0.0,0.0,0.0,0.0,1.8687854,0.0,0.26850352,0.41342884,0.0,0.0,0.35547894,1.547354,0.0,0.0,0.0,0.0,0.09747782,1.8192124,0.0,0.0,0.0,0.0,0.0,0.72190756,0.0,0.14202732,0.0,0.12440649,0.0,0.81016266,0.0,1.2289207,0.0,0.0,0.0,0.0,0.0,4.854161,2.152163,0.0,0.0,0.0,0.0,0.0,0.0,0.0,0.4741245,0.0,0.0,1.2697737,1.8568554,0.0,0.0,0.0,0.0,0.0,1.5802908,0.0,0.90458614,1.6048504,0.4445527,0.0,0.0,0.0,0.0,0.6821044,2.7356782,0.31561428,0.06687921,0.0,0.6493449,0.0,2.044164,1.3519658,2.540648,0.0,0.0,0.0,0.0,0.0,0.0,0.5757953,0.0057228804,0.0,1.194829,0.0,0.0,0.0,0.0,1.5549717,0.0,0.0,0.0,0.0,0.0,1.0788699,0.893026,0.0,0.099820316,1.5658295,1.3323648,0.3819278,0.0,0.7519334,0.0,0.0,0.0,0.49408627,1.0891987,0.0,3.9695253,0.0,0.0050008595,0.0,2.4363136,0.0,0.0,2.1775885,0.0,0.0,0.0,0.0,1.3664683,0.0,0.7387787,0.0,2.015188,0.0,0.0,0.0,1.2812498,0.579112,1.294359,0.08401942,2.4799423,0.0,0.10588142,0.0,0.0,0.0,0.0,0.0,0.7295222,1.0749567,0.0,0.46430272,0.0,0.52374446,0.0,2.0548823,0.0,0.0060988665,0.0,2.2239301,0.30344036,1.5313661,0.0,0.8023653,0.0,0.0,1.6119463,0.0,0.0,0.18890744,0.0,0.0,0.0,0.93411934,0.0,0.27436006,0.0,0.0,0.3984492,0.0,0.0,0.3889544,0.0,0.0,0.0,0.0,0.0,0.0,2.549257,0.0,1.2868711,0.0,0.0,1.1967888,0.0,0.0,0.73821056,0.0,1.7334534,0.0,0.0,0.0,0.0,0.0,0.0,0.0,0.0,0.0,0.0,0.8415669,0.0,0.0,0.0,0.0,0.0,0.0,0.0,0.0,0.0,0.0,0.0,0.0,1.0784045,2.472958,0.0,0.0,0.06271905,0.0,0.0,0.66491604,0.0,0.69162524,0.0,0.0,0.0,2.0660844,1.7729142,2.2685094,2.643639,0.0,0.0,0.37586242,1.7123066,1.6189411,0.0,0.0,0.6930743,0.0,0.0,0.42218766,0.0,0.5576979,0.0,0.0,0.0,1.1121137,0.0,0.0,0.0,0.0,0.0,1.0066323,0.0,0.0,0.0,0.0,0.40375772,0.25834236,3.0093293,0.0,2.8408744,0.0,0.0,0.0,2.7192676,1.5516888,0.0,1.9000802,1.4771595,1.4727656,1.640588,0.36806083,0.0,0.0,0.15079352,1.6247661,0.0,0.0,0.9774795,0.18314171,0.0,1.1984437,0.0,1.143363,0.0,0.0,0.0,0.0,1.3177586,0.0,0.67374873,0.0,0.0,0.0,1.1164916,0.0,0.0,0.0,1.1452062,0.0,1.842752,0.0,0.0,0.0,0.0,0.0,0.2440699,0.0,1.729447,0.0,0.0,0.0,0.0,0.0,0.0,0.0,0.293747,0.0,0.0,4.3493733,0.0,0.066173136,0.0,1.2374473,0.3824885,0.0,0.0,0.6443372,0.0,0.0,1.2895651,0.77745765,0.0,0.0,0.3814447,0.0,0.19754985,0.0,0.0,0.71294093,0.0,0.0,0.0,0.0,0.0,2.7865443,0.8301631,1.1134399,0.0,0.0,0.0,0.0,0.0,0.0,0.0,0.0,0.0,0.0,0.0,0.0,0.0,1.803554,1.5925397,0.0,0.0,3.4278116,0.0,0.0,0.0,0.55856013,0.0,0.12115356,0.0,0.5117929,3.9320982,2.4312837,1.8423288,1.4983895,0.0,0.0,1.4214706,0.67377216,0.14888822,1.4789774,0.0,0.0,0.0,0.1593687,2.0583,2.4039874,0.4238864,1.4506623,1.1981604,0.0,0.58303326,0.0,0.0,0.0,0.0,0.0,3.933279,0.4973624,0.0,2.1895978,0.0,0.0,1.7565813,1.3297662,0.0,1.3926535,0.0,0.0,0.033844292,0.009940684,0.0,0.0,0.0,0.0,0.0,0.0,0.0,0.0,0.38627642,0.0,0.0,0.5242819,0.0,0.0,0.0,0.0,0.7434446,0.0,0.0,0.0,0.0,0.0,0.0,0.41317385,0.0,0.0,0.0,0.0,0.0,0.026378512,4.127123,0.0,0.0,0.0,1.491245,0.0,0.0,0.0,3.5694559,2.013874,2.183461,0.0,0.0,0.5924406,0.0,0.0,0.0,0.36408746,0.0,0.0,2.0904415,0.0,0.0,0.0,0.0,2.362135,0.0,0.0,0.31113815,0.0,0.0,1.4374282,2.4603448,0.0,1.497082,0.0,0.0,0.0,0.35058367,0.99976736,0.0,0.0,0.89117885,0.0,0.0,0.0,3.4154878,0.3622096,0.0,0.0,2.3322356,0.0,0.0,0.0,0.9438589,0.0,0.0,0.0,1.9489535,0.0,0.0,0.0,0.0,0.0,0.28098774,0.0,0.0,0.0,0.0,0.0,0.0,0.0,0.0,0.0,0.0,0.0,0.11038622,0.0,1.7097254,0.0,0.0,0.0,0.0,0.0,0.0,0.0,0.0,1.8850639,1.7443266,2.266043,0.0,0.0,0.0,1.6651804,0.0,0.0,0.0,0.0,0.0,1.2895439,0.0,0.10323268,0.0,0.0,0.0,0.0,0.0,1.263797,0.73801017,0.0,0.0,0.6773914,0.0,0.0,2.175498,0.0,0.0,0.0,0.0,1.6054462,0.0,0.057331502,1.0465847,0.88050383,0.92695004,0.0,0.0,0.0,1.1502259,2.3108845,0.0,0.0,0.0,0.0,1.9951355,0.0,0.0,0.0,0.44364652,0.0,0.13137516,0.0,0.0,1.662921,1.616054,0.94423515,0.0,0.0,0.0,0.0,0.0,0.9730234,0.0,0.0,0.0,0.0,0.33948573,0.0,0.0,0.0,0.33398944,0.0,0.0,0.0,1.0422597,0.0,1.6922756,0.0,0.0,0.0,0.0,1.6677506,1.8322482,0.0,0.0,0.0,0.0,0.0,0.82988834,0.0,0.0,0.0,0.0,0.0,0.63341236,0.387995,1.7802657,0.0,0.0,0.21326277,0.0,0.0,0.0,0.0,0.0,0.0,1.7584628,1.1904697,0.0,0.0,0.0,0.3043305,2.1774163,0.0,0.0,0.0,0.0,0.93118095,0.0,0.0,0.59514666,0.0,0.24276885,0.15273729,0.0,0.0,0.0,0.51668847,0.77980477,0.0,0.0,0.05406311,0.0,0.34099066,0.0,0.0,0.0,0.6765301,0.0,0.0,0.0,1.5756122,0.0,0.0,0.0,0.0,0.41488132,0.0,0.0,0.17816398,0.0,0.0,0.0,0.0,1.1842551,0.0,0.0,0.7012638,3.1448047,3.9969978,0.0,0.0,0.0,0.10162854,2.3077302,2.38478,1.4892204,0.0,3.0229547,0.0,2.7810826,0.41059503,0.0,1.5464269,0.0,0.0,0.0,0.06681949,0.0,0.64967823,1.1198245,0.0,0.0,0.0,0.69920975,1.4921157,0.35550702,0.057008445,0.0,0.97931814,2.7023368,0.0,1.4666253,0.0,0.0,0.3782165,0.0,0.0,1.520763,1.2464361,0.0,0.0,2.4243608,0.0,0.0,0.68718624,0.9426856,0.0,0.0,3.2270403,0.6264118,0.19136962,0.0,0.0,0.99562746,0.0,0.0,0.3638516,0.0,1.3102218,0.0,0.0,0.0,0.0,0.0,0.0,0.0,0.9827896,2.3667965,0.0,1.4689372,0.36784643,0.0,0.0,3.170424,2.2136168,0.9921131,0.0,0.0,0.0,0.0,0.0,0.0,0.0,0.0,1.721967,0.0,0.0,0.0,1.1073081,0.058371425,0.4258716,0.0,0.0,0.23429358,1.954154,0.19465506,0.6213298,0.0,0.0,0.0,0.0,0.0,0.49768528,0.0,0.0,0.0,0.10286528,2.092634,0.42848474,0.0,0.0,0.4102804,0.374914,0.0,0.0,0.0,0.0,1.8149225,0.0,1.1926222,0.0,0.0,0.0,0.0,0.0,0.19186118,0.0,0.0,0.41203898,0.0,0.0,0.013103098,0.0,0.0,0.0,0.0,0.0,0.0,0.0,0.0,0.0,0.0,0.119932234,3.139538,0.0,0.0,1.3889147,0.0,0.0,1.8153619,1.4590205,0.0,1.1735617,0.0,0.0,0.0,1.1358371,1.6080488,0.0,0.0,0.0,0.0,0.044872344,0.0,0.0,0.90248173,0.81772584,0.0,0.0,0.0,0.0,0.0,0.0,0.0,0.0,0.0,1.0401855,0.0,0.0,0.0,0.0,0.34037137,0.0,0.7648542,0.1259186,0.0,0.0,0.47829846,0.0,0.0,2.5246456,0.0,0.10957304,0.0,0.0,1.5935342,2.2902956,0.0,0.0,0.6419574,0.0,0.0,0.0,0.0,0.45835966,0.010433346,3.7716095,0.9155533,0.0,0.0,0.0,0.0,0.0,0.0,0.56826556,0.0,0.0,0.0,2.0178833,0.0,0.3349082,0.85062855,0.0,0.0,0.0,0.0,0.0,0.0,0.17201778,1.3054278,0.19051358,0.0,0.0,0.0,0.49993867,0.0,0.0,0.0,0.0,0.0,0.0,1.8911002,0.0,0.16110027,0.0,0.0,0.0,3.2603827,2.251526,0.0,0.6501659,0.0,0.0,0.6197876,0.0,0.5415982,0.0,0.0,1.3346753,0.0,0.0,3.7867913,0.5951146,1.8578818,5.0166583,0.9750082,0.0,0.0,0.7167774,0.0,0.0,0.0,0.0,0.0,0.0,0.0,0.0,0.0,0.8318328,0.0,0.0,0.0,0.0,0.0,0.0,1.3992802,1.990236,2.8544605,0.011700988,0.0,0.0,0.0,0.0,0.0,0.7202126,1.3790177,0.0,0.03338491,1.954057,0.0,0.0,0.0,0.0,0.0,0.0,0.8618859,0.0,0.0,0.0,0.0,0.0,0.0,0.0,0.0,1.9607486,0.0,0.0,0.0,0.0,1.6237321,0.0,0.0,0.0,0.0,1.8556914,0.0,0.0,0.0,0.6626196,0.0,0.0,1.2606223,0.0,0.0,0.0,0.0,0.7485932,0.0,0.0,0.0,0.0,1.454628,0.0,0.0,0.0,1.6916391,0.0,0.0,0.0,0.0,1.5254254,0.0,0.88970584,0.0,0.27593955,2.4913445,0.0,0.8382466,0.075644344,1.3611146,1.2914999,2.5744705,0.0,0.0,2.2171721,2.7214234,1.794121,0.0,0.0,0.2343123,0.0,0.0,0.0,0.0,0.68598753,0.8327582,0.0,0.4999909,2.5516696,0.0,0.0,1.1434052,0.0,0.0,0.0,0.0,0.0,0.0,1.5770795,0.0,1.9463404,0.0,0.0,0.0,0.0,0.0,0.065815955,1.2781277,0.0,0.0,0.0,0.0,0.0,0.34046072,0.0,0.42753977,1.2189572,1.2864332,0.0,0.0,0.0,3.4667888,0.0,0.0,0.0,1.1855584,0.0,0.0,0.0,0.6177651,0.0,0.107106745,0.0,0.0,2.7557626,0.0,0.0,1.1888791,0.0,0.0,0.0,0.0,0.8786508,0.0,0.0,0.0,0.0,0.0,0.699821,2.440555,2.92785,0.0,0.750107,1.2931746,0.0,0.0,2.3252275,0.0,0.29698014,0.0,0.0,1.0067861,0.0,1.7928541,0.0,0.0,0.0,3.6042166,0.0,0.0,0.0,0.0,0.0,0.8300009,1.9552346,0.42651236,0.0,0.0,0.48186082,0.0,0.29786333,0.0,1.0948219,0.0,0.0,0.0,0.4782585,0.0,0.8582695,0.0,1.814655,0.0,0.0,0.0,0.4286848,0.0,0.963427,0.67015886,0.7880938,0.3045066,0.0,0.0,0.05359158,0.0,0.0,0.0,0.0,1.8671665,0.0,0.0,0.0,3.7207308,1.122734,0.0,0.08437717,0.0,0.0,0.0,0.0,1.0913864,0.0,0.0,0.0,0.0,0.0,0.0,3.443352,0.0,0.0,0.0,1.1329588,0.0,1.0937631,0.0,0.0,0.0,0.0,0.5571364,0.0,0.0,0.79543656,0.0,0.69925356,0.0,0.45949936,0.0,0.0,0.11635032,1.5162402,0.0,0.0,0.0,0.802748,0.023126483,0.0,0.0,1.3855639,0.0,0.0,0.0,0.0,1.21825,0.0,0.0,0.0,0.0,0.0,0.0,0.0,0.69846463,0.87191534,0.0,0.0,1.6786377,0.0,0.0,0.0,0.0,0.0,0.0,0.6882436,2.1314776,0.0,0.1452587,0.3236137,2.8794947,0.0,0.0,0.0,0.0,0.0,0.0,0.0,0.0,0.0,0.0,1.6886915,0.0,0.17054933,3.7669048,0.0,0.0,0.44560236,0.0,0.0,0.80443937,0.0,0.2152366,0.0,0.0,1.6604915,2.1331275,0.0,1.5750034,0.0,0.0,0.0,0.0,1.1594343,0.0,0.0,0.0,0.49392134,0.0,0.33846584,4.541836,0.0,0.0,0.020177484,0.0,0.31769913,0.0,0.0,3.0039392,0.16446644,0.0,0.0,0.0,0.0,0.0,0.0,2.0365548,0.0,0.0,1.9433612,0.0,2.016968,0.0,0.40961057,0.8831886,0.30631965,0.0,0.0,0.0,0.0,0.0,3.8420868,1.3363295,0.0,0.47029918,0.0,1.9189808,0.7039666,0.0,0.0,0.0,0.0,1.0464396,0.0,0.0,0.0,0.0,0.0,0.0,0.0,0.0,0.0,0.0,0.0,0.6471251,1.0381839,1.2408681,1.266665,0.29303864,0.0,1.5470121,0.0,0.0,0.49763525,0.0,1.0563037,0.9940437,0.0,0.0,2.4361632,0.0,0.0,0.85571945,0.0,0.0,0.64699054,0.16900727,0.0,2.8233824,0.0,0.0,1.3419228,0.0,0.0,0.077316225,0.21548632,0.0,0.0,0.0,0.2735107,0.028835624,0.0,0.0,3.2030532,1.3155329,0.0,0.0,1.0845284,0.73916125,0.0,0.0,0.0,0.0,0.0,0.0,0.0,0.0,2.2635849,0.0,0.0,0.0,0.0,0.0,0.0,0.0,0.45858955,0.0,0.0,0.0,0.0,0.68438876,0.0,0.0,0.0,2.4492457,0.0,0.0,0.37315792,0.0,2.3685403,0.0,3.4038472,1.6510041,0.21248595,0.0,0.0,0.0,0.0,3.0717156,0.0,0.0,1.9967097,0.0,1.5826883,0.0,0.0,0.92587256,0.26473588,1.4128747,0.0,0.0,0.0,0.06540951,0.0,1.6836649,1.4233446,0.0,0.0,3.4241972,0.0,2.9572291,0.0,0.0,1.8399556,0.0,0.0,0.0,0.0,0.0,0.0,0.0,1.4767568,0.5576236,0.0,0.09361738,0.0,0.0,0.0,0.0,1.3879142,0.0,0.0,0.14179754,0.0,0.0,0.0,0.43730575,0.0,0.5784929,0.8366165,1.2619864,0.0,0.0,1.8230116,1.4667958,0.0,0.0,0.0,0.10274431,0.16195333,0.0,0.58954144,1.1209562,0.0,3.133367,0.0,0.0,0.0,0.0,0.0,0.0,0.0,0.0,3.0515723,0.0,0.0,0.0,1.5423045,0.16751838,0.0,0.9507674,0.0,0.0,0.0,0.0,0.0,0.0,0.9566711,0.0,0.0,0.0,0.0,0.17370339,0.24392521,0.0,0.0,0.46424603,0.22312424,0.0,0.0,0.014538109,0.0,0.0,0.0,0.0,0.0,0.0,0.0,0.0,0.0,0.81750274,2.5904188,0.0,0.0,0.0,0.0,0.0,0.0,0.142741,0.7378524,0.05170554,1.8675225,0.0,0.0,1.1290765,0.0,0.0,0.0,0.0,0.0,0.0,0.0,0.0,0.0,1.8285208,0.4355411,1.3525555,0.0,1.1024258,0.0,1.8266442,0.24721262,0.0,0.0,1.6945603,0.0,0.0,0.0,0.0,0.0,0.0,0.0,0.27229667,0.0,0.0,0.24682277,2.6285467,0.0,0.0,2.324926,0.0,3.1068463,0.0,2.498261,0.0,0.0,0.0,0.0,0.0,0.0,0.0,0.0,0.0,1.3398029,0.49191934,0.0,0.0,0.0,1.8170228,1.1763623,0.0,0.0,0.0,0.0,0.0,2.6446717,0.05493152,0.0,0.0,0.0,0.0,2.3010297,0.0,0.0,1.3712916,0.0,0.70046216,0.0,0.0,2.0959747,0.0,0.0,0.24024907,0.0,0.0,0.0,0.0,0.0,0.0,1.2137225,0.0,0.0,0.0,0.0,1.5584059,0.0,0.0,2.5048952,0.0,0.0,0.14460659,0.0,0.0,0.0,0.0,3.0421362,0.0,0.5478066,2.3856604,0.0,0.0,0.15699849,1.4704149,0.46488595,0.3361427,0.0,0.0,0.0,0.0,0.0,0.0,0.0,0.0,0.0,0.0,0.0,0.0,0.0,0.43102744,0.12563795,0.0,0.9596998,0.0,0.7423672,0.0,0.0,0.0,1.1267564,0.2795615,0.0,0.0,3.1782033,0.0,0.0,0.0,0.0,0.0,0.0,2.1974058,0.0,0.0,0.0,0.0,0.0,0.0,0.0,1.3680729,0.0,0.0,0.0,0.0,0.0,0.0,0.5304291,0.5338265,0.0,0.2734143,0.0,0.0,0.0,0.28430644,0.0,1.4603093,2.8572104,1.4237461,0.0,0.0,0.0,0.0,0.0,0.43992338,0.88539374,2.5103393,0.0,2.5413153,0.0,0.0,0.0,0.0,0.0,2.2516363,0.0,0.50100434,0.0,0.40016112,0.0,2.3165576,0.0,2.452017,0.0,0.29878747,0.0,0.0,0.0,0.0,0.0,0.0,0.0,0.0,1.780692,0.0,0.0,0.0,0.0,0.0,2.867208,0.0,0.0,0.2504049,0.0,2.2414155,0.0,0.0,0.0,1.8184876,1.1604979,2.6679935,0.15226167,0.0,0.99806565,1.2954509,2.9293165,0.0,0.0,0.0,0.0,0.0,0.0,0.0,3.6183412,0.9190346,0.0,0.0,0.0,0.0,0.0,0.0,0.0,0.0,0.0,0.0,0.0,0.0,0.0,0.9322978,0.0,1.0891417,0.0,0.0,0.0,0.66909623,0.0,0.0,0.0,0.34605354,0.0,2.447411,0.73086053,0.0,0.0,0.0,1.7856348,0.5544896,0.41066402,0.34626257,0.0,0.0,0.0,0.0,0.3727501,2.3690665,1.59092,0.3996328,0.0,0.0,0.0,0.0,0.0,1.2233486,0.0,1.5039515,2.3852828,1.2277453,2.3959754,2.0509238,0.0,0.0,0.54830515,0.0,0.0,1.270221,2.3465457,0.0,0.0,0.0,1.9834163,0.22892874,0.0,0.0,0.07421389,0.0,0.0,0.0,0.0,1.965658,0.8167549,1.0917398,1.806597,0.7033587,0.0,2.690511,0.0,0.0,0.02372086,0.0,0.0,0.0,0.0,0.0,0.0,0.0,2.9673662,0.0,0.41505107,0.9269991,0.0,0.82988614,0.0,0.0,0.0,0.0,1.8560015,0.0,0.0,0.0,1.9981189,0.0,2.638546,0.0,0.0,0.0,0.17007339,0.0,0.0,2.2629225,0.0,0.0,0.83601606,0.0,0.0,0.556049,0.16905612,0.24179602,0.9125845,0.0,0.0,0.11858803,0.51878047,0.0,0.9628024,0.0,0.0,2.3450708,0.0,0.0,0.0,0.0,0.0,0.0,0.0,1.4511089,0.0,1.5936596,1.11795,0.0,0.0,0.0,0.0,2.20565,0.79045236,0.0,0.0,1.5735934,0.0,0.04889828,0.93383455,0.0,0.0,0.0,0.0,0.0,0.0,0.0,0.0,0.0,0.0,0.86656374,0.0,1.0187864,0.0,1.9487363,0.0,0.0,0.0,4.7898,0.0,0.0,0.0,0.29498518,0.0,0.0,0.0,0.0,0.0,0.0,0.17968541,0.2895018,0.0,0.92322946,0.0,0.8040991,0.0,1.1977799,0.0,0.28601068,2.730239,0.0,0.0,0.0,0.0,0.0,0.0,1.4977282,1.2089889,0.0,0.41239864,0.27168766,0.0,0.0,0.0,2.7512403,0.37861496,0.0,0.0,0.08827701,0.17407632,0.0,0.0,0.0,0.26965934,0.0,0.0,0.0,0.08008444,0.0,0.0,0.0,0.0,0.0,1.5102019,0.0,0.73168534,0.0,0.0,0.0,0.0,0.0,0.0,0.0,0.0,0.0,0.0,2.0053217,0.0,0.0,1.7776855,0.0,0.0,0.0,0.0,0.0,0.3698036,0.0,0.0,0.0,0.0,3.5426285,0.9030616,0.40911117,0.0,0.0,0.0,0.0,2.964618,0.0,0.0,0.0,1.3351192,3.3068094,0.109610036,0.0,0.0,0.0,0.0,0.0,0.0,0.0,3.6519308,0.0,0.0,2.428577,0.0,0.0,0.0,0.5024736,0.0,0.0,0.0,0.49441755,0.0,0.0,0.0,3.778516,0.0,0.0,0.0,0.0,0.26539713,0.0,0.0,0.8369941,0.0,0.0,0.0,0.0,0.5908046,1.8893716,0.0,0.0,3.246509,0.0,1.8834274,0.0,0.0,0.0,0.70333165,0.0,0.0,0.7347547,0.0,0.0,0.0,0.0,4.181354,0.0,0.0,1.6679294,0.0,3.3615348,0.0,0.0,0.0,0.0,0.0,0.5151757,2.400308,0.0,0.0,0.0,0.0,0.0,0.0,0.4382327,0.0,0.0,0.0,0.0,1.3423102,0.0,0.0,4.320405,0.2618374,0.0,0.0,0.0,0.0,0.0,0.0,2.1687193,0.0,1.3240091,0.0,0.46287847,1.1802771,0.0,0.19253787,0.6238856,0.0,0.0,0.0,0.11594969,1.596853,1.0339963,0.0,0.0,0.0,0.0,0.0,1.9190516,1.8215721,0.0,0.0,0.0,2.0942879,0.0,0.0,1.4408413,0.0,0.0,0.40224713,0.0,0.4524412,2.0785542,0.0,0.0,0.0,0.0,0.0,0.0,0.0,0.0,0.0,0.0,0.0,0.0,0.0,0.0,1.4282976,0.6341109,0.0,0.0,0.0,0.0,0.0,0.0,1.3229305,0.7087782,1.2896056,0.0,1.2952061,0.0,0.0,0.0,1.7764144,0.0,0.0,0.0,0.10715562,0.0,0.0,0.0,0.83954084,0.9051475,0.37753338,0.0,0.0,0.0,0.0,0.0,0.0,0.0,0.0,0.0,0.0,0.0,0.0,1.8801808,0.0,0.0,0.0,0.9924805,0.0,0.0,0.0,0.0,0.0,1.3585502,0.0,0.0,0.0,0.0,0.0,0.0,2.2737412,0.0,0.0,0.0,0.0,0.9241679,0.792501,1.5924666,0.0,0.0,0.0,0.0,0.0,2.330971,0.0,0.0,0.0,0.0,0.0,0.10526669,0.0,1.3235549,0.0,0.0,1.9956646,0.3297795,0.0,0.0,0.3622867,0.0,0.0,0.0,0.55002016,0.5127707,0.0,0.0,0.0,0.0,0.3825814,2.0596645,0.0,1.2814281,1.1531703,1.0006222,1.1014185,0.0,0.0,0.0,0.0,1.5345395,0.37271532,1.5481697,0.0743182,0.28739333,0.0,0.0,1.1260037,0.0,0.0,0.0,1.4959595,0.0,0.0,0.0,0.0,0.0,2.0930233,0.0,3.280353,0.0,1.1128958,0.0,0.0,1.0732758,0.0,2.3081179,1.1244522,0.0,0.3648306,0.0,0.59480405,0.0,0.0,1.4475434,0.0,3.2822764,0.0,0.0,0.0,3.1589231,1.7033379,0.0,0.0,0.40631026,0.0,0.0,0.18841246,1.0416915,0.0,1.6967065,0.0,0.0,0.0,0.0,0.0,0.22860259,0.61945,0.0,0.0,2.2416334,0.0,0.0,1.3665638,0.0,1.8078358,0.0,0.0,0.0,0.0,0.0,0.51898247,0.0,0.71339875,0.0,0.0,0.0,0.0,0.0,0.0,0.0,0.0,0.06298041,0.0,0.0,1.5696589,3.7836752,0.0,0.0,0.0,0.0,3.867657,0.0,0.0,0.26241326,0.0,0.0,0.8188975,0.0,0.27076387,0.11171216,0.0,0.44924444,0.0,0.0,0.36276338,0.0,0.0,0.0,0.0,0.0,0.074826,0.0,1.9954219,0.0,0.0,1.0181674,0.0,0.0,0.0,1.8441758,0.0,0.0,2.054698,0.6044911,0.0,0.0,0.0,0.0,0.0,0.0,0.0,0.0,0.0,0.0,0.0,0.9616138,0.0,0.8871515,0.0,0.0,0.0,0.0,0.0,0.5798596,0.0,1.9399359,0.99445295,2.9114268,0.0,0.0,0.0,0.0,0.0,0.0,0.0,3.0193217,0.0,0.0,0.0,0.0,0.0,0.0,1.4214212,0.0,0.0,0.0,0.28808427,3.5221028,0.0,0.0,0.0,0.0,0.0,0.0,0.0,0.0,0.6053874,0.0,0.0,3.557198,0.0,0.0,0.0,0.18501061,0.0,0.0,1.5285481,0.069152,1.191345,0.0,0.4083459,3.3699908,0.0,1.5576243,2.359341,0.0,0.0,0.0,0.0,0.0,0.0,0.0,1.2703775,1.716672,0.0,0.045663476,1.6810756,1.3667302,1.7628223,0.0,1.1570318,0.0,0.0,0.0,1.6872714,0.0,0.0,6.3745923,0.0,0.0,0.0,0.0,0.0,1.4768821,2.0795622,0.98600674,0.0,0.0,0.0,0.0,1.7660074,0.0,0.0,0.43816486,2.272511,0.0,1.9495564,0.0,0.0,0.0,0.4434913,0.1936814,0.0,0.9413912,0.0,0.0,0.0,0.0,2.6531982,0.0,0.0,0.0,0.0,0.91471267,0.086495936,0.0,0.0,0.0,0.0,0.9299413,0.0,0.37902084,1.7855194,2.9423108,1.9412988,0.0,0.0,0.0,0.58553016,0.0,0.48756778,0.0,0.0,0.0,0.8662507,0.0,1.9930737,0.64100134,0.0,0.0,1.4503673,2.1444097,0.90769976,0.49747276,0.0,0.0,0.0,0.0,0.0,0.0,0.0,0.0,0.0,0.0,0.0,0.59685075,0.0,0.0,2.240166,1.4874611,0.9184273,2.4551597,0.0,0.0,0.0,0.0,0.0,1.9866487,0.0,2.2465189,0.36517525,3.0896454,1.6948953,0.0,0.13424546,0.0,0.0,0.0,0.043939486,0.0,0.45635653,0.17848116,0.0,0.0,0.0,0.0,0.0,0.33455765,1.6647696,0.0,0.0,0.0,0.0,1.467875,1.2730184,0.43755347,2.812082,0.0,1.0822531,0.0,0.005553484,2.333424,0.0,0.0,0.21497422,0.0,0.27130353,0.0,0.0,0.0,1.0359464,0.8288654,0.0,2.3743174,0.0,0.0,0.0,0.0,0.0,0.0,0.0,3.2961166,0.0,2.5814736,0.0,0.0,0.7719744,2.1128943,1.0209298,0.0,0.0,1.9307995,0.0,0.0,0.0,0.0,0.0,0.0,2.5244732,0.35211724,0.8040687,0.0,0.0,0.52876014,0.0,0.56196845,0.0,0.0,0.0,0.0,0.0,3.2028818,0.0,0.0,1.97048,0.0,0.0,0.0,0.0,0.0,0.18636692,0.0,0.0,0.0,0.083034456,0.23513877,3.1251493,0.0,0.0,0.0,0.0,0.0,0.0,0.0,1.2581847,0.0,2.1909342,0.11902225,1.057257,0.0,1.68013,0.0,0.0,2.7838533,0.3434338,0.0,2.0332317,0.0,0.0,0.0,0.0,0.0,1.0361528,0.0,0.0,0.0,0.0,2.5201316,0.0,0.17905152,0.0,0.0,0.2032676,0.0,0.18016464,0.0,0.0,4.1241035,0.0,0.0,0.05742058,0.0,0.60448676,0.10807875,0.75826144,0.7471634,0.76198566,0.0,0.0,0.0,0.0,0.0,0.4168449,0.0,0.0,0.0,0.0,0.6490043,0.0,0.0,0.0,0.0,0.0,0.0,0.0,0.35222602,0.40693414,0.0,0.0,0.0,0.0,3.1241393,0.0,0.0,0.0,0.0,0.0,0.58848643,0.0,0.0,0.0,0.0,0.0,0.0,1.0243003,0.0074306726,0.0,0.37120634,0.5374496,0.61033547,0.0,0.0,0.48346338,0.0,0.0,0.0,0.0,0.0,0.3417161,0.0,0.0,0.0,0.0,1.0379322,0.0,0.0,0.7077191,0.0,0.0,0.0,0.0,0.0,1.0082289,0.0,0.0,0.0,0.0,0.0,0.0,0.0,0.0,0.0,0.0,0.9655123,2.8741062,0.0,0.0,0.0,0.7276442,0.0,0.20501275,0.5023202,1.3727098,0.0,0.0,0.31928444,0.55209136,0.0,0.58772427,1.0666735,1.8132207,0.0,1.6052921,2.4892082,0.0,0.0,0.008320779,0.0,0.48210034,0.84772587,0.475029,0.0,0.0,0.0,0.0,0.0,0.0,0.92956173,0.0,3.9475875,1.0935042,2.6272442,0.0,0.0,1.3249848,0.0,0.83463,0.0,0.0,1.6099774,0.26620173,0.0,0.6922594,0.0,0.0,0.0,0.0,0.0,3.4869728,0.0,0.10807055,0.06983918,0.026991397,2.388454,1.4530661,1.4059343,0.0,0.13590577,0.0,2.5723894,0.0,0.0,0.66864514,0.7882358,0.0,1.2881689,0.0,0.0,0.0,0.0,0.0,0.0,2.8300474,1.6423633,0.0,2.0183856,0.0,0.0,0.0,0.21890123,1.6358225,0.0,1.8890942,0.24430859,4.0933843,0.0,0.0,0.0,0.0,0.0,2.2230601,0.0,0.0,0.0,1.3153954,0.0,0.0,0.7832813,0.0,0.16260865,1.3117676,0.0,0.0,0.0,0.0,3.5802774,0.4612078,0.0,0.0,0.0,0.0,0.0,1.9475005,0.0,1.2552718,0.6513433,0.0,2.1620126,0.0,0.0,0.0,0.0,0.0,0.7958065,0.0,0.0160653,0.0,0.0,3.0481405,0.0,0.0,0.0,0.0,1.3224795,1.5081124,0.0,0.0,0.0,2.654863,5.366175,0.0,0.0,0.0,0.0,0.0,0.0,0.0,0.07950112,0.0,1.3787417,0.0,0.37627774,0.0,0.0,0.0,0.6980764,0.0,0.0,0.0,0.0,0.0,0.0,0.0,0.0,0.0,0.8387996,1.8534634,0.0,0.0,0.0,1.4879147,2.8748167,0.8306731,0.0,0.0,1.099759,0.0,0.0,0.0,0.07082826,1.3387059,0.0,0.0,0.0,0.0,0.0,1.6782274,0.0,0.0,0.7967715,0.0,0.0,0.009400487,0.0,0.0,0.0,0.55026174,0.0,0.0,2.2734141,0.0,0.18000725,0.54756385,2.4053712,0.0,0.0,0.0,0.0,0.7457124,2.4100838,4.2018347,0.0,0.0,0.07083291,0.0,2.2930014,1.2434745,0.47055754,0.0,0.0,1.0822216,0.0,0.0,0.0,0.031980306,0.0,0.0,0.3506049,0.24330565,0.0,0.0,0.0,1.2785561,0.0,0.29313192,0.0,0.0,0.0,0.0,1.9884702,0.0,0.0,0.0,0.0,0.0,0.0,0.0,0.9743569,0.0,0.0,0.0,0.0,0.0,0.9687445,0.015176147,0.61067665,0.0,0.0,0.0,1.4023906,0.0,0.0,0.013419747,1.3137327,0.0,0.0,0.0,1.3209952,0.0,1.4130524,0.0,0.0,0.0,2.2671895,0.0,0.0,0.0,0.0,0.0,2.3886561,0.0,0.0,1.7712506,2.160522,0.7407963,0.0,1.6245756,0.0,0.0,0.0,0.0,0.0,0.0,3.2934623,0.0,1.1160052,0.79564476,0.0,0.0,0.0,0.0,0.0,0.0,0.0,0.0,3.461329,0.0,0.0,0.0,0.0,0.0,0.2284182,0.0,0.0,0.0,0.0,1.3381411,0.0,0.38250157,1.1637094,0.0,0.91370535,1.3126363,1.196792,0.0,0.0,2.053616,0.0,0.0,1.9995146,0.0,0.0,0.0,1.4072225,0.0,0.18941206,0.2688411,0.0,0.0,1.0937369,0.0,2.959312,0.0,0.0,0.0,0.0,0.0,0.0,3.0819988,0.0,2.0176725,0.0,0.0,0.6982793,0.0,0.0,0.0,0.0,0.0,0.5239526,0.0,0.7525413,0.0,0.0,0.0,1.1379277,0.0,0.0,0.0,1.6204779,0.0,0.0,0.0,0.3672114,0.15488535,1.4159265,0.5029347,1.9520302,0.22575141,0.14473534,4.6209464,0.0,0.0,0.0,0.0,0.0,0.0,0.0,0.0,0.0,0.0,0.0,0.49582618,0.0,0.8042115,0.15091795,0.0,0.0,0.0,0.5390711,1.3495951,0.54668975,0.0,0.15285164,1.1241429,0.0,0.0,0.0,1.2725046,0.0,0.7387515,0.0,0.7095468,0.0,0.0,0.0,0.0,0.0,0.0,0.0,0.0,2.2370126,0.0,2.0856087,0.0,0.0,2.1349797,0.0,0.0,0.0,0.0,3.420304,0.46934515,0.0,0.0,1.5225204,0.0,0.0,0.0,2.7478523,0.0,0.0,0.25627872,0.0,0.46721107,0.0,1.6013409,2.1501102,0.0,0.0,0.24777918,0.04052645,0.0,0.0,0.0,2.8057737,0.0,2.3059328,0.4585516,0.15274751,0.0,0.98716116,0.0,0.0,0.0,0.0,0.0,0.0,0.0,0.0,0.0,0.4263959,0.0,0.0,0.0,2.7319806,0.0,0.0,0.0,1.8311937,0.0,0.0,0.0,0.0,0.0,1.0575039,0.0,0.0,0.0,0.0,0.0,1.3900623,0.0,0.0,1.284082,0.0,0.2336717,0.0,2.8992932,0.0,0.0,2.308715,0.0,1.4995372,0.0,0.0,0.0,2.077752,0.0,0.0,1.4683392,0.0,0.0,1.7401026,0.0,1.1620291,0.074367106,0.0,2.0854888,0.0,0.0,0.0,0.0,0.0,0.0,0.0,0.0,0.9209951,0.67909616,0.0,0.5379443,1.7048702,0.0,0.0,0.0,0.0,0.2999936,3.3193846,0.0,0.73972046,0.76749974,0.0,0.0,0.0,0.0,0.0,0.0,0.063844234,0.0,2.8392928,0.0,0.0,0.0,2.5625954,0.0,2.189834,0.0,0.0,0.0,0.0,0.0,0.0,0.0,0.43820888,0.4667131,0.6090069,0.0,0.0,0.0,0.0,0.0,0.0,0.0,0.0,0.0,0.0,2.6699257,0.0,0.5388348,3.952565,0.5074659,0.0,0.0,0.0,0.0,1.6905324,0.20985985,0.0,0.17267543,1.8099172,0.0,0.0,0.0,0.0,0.0,0.0,0.0,2.446142,0.0,0.0,0.97638005,0.0,0.0,0.0,0.0,0.0,0.419779,0.0,0.0,0.0,0.0,1.442914,0.0,2.5515773,0.0,0.0,0.0,0.0,0.29464716,0.0,4.2252173,0.028545737,0.0,0.0,0.0,0.0,0.0,0.080295295,0.011585534,0.0,2.4804773,0.0,0.0,0.0,0.0,0.0,0.0,0.0,0.5050352,0.0,0.0,1.9432743,0.56556344,2.321389,0.0,0.22181293
